18.01.01-12.21.42	0.0	0.00	0.00	0.00	0.00	0.0	0.00	0.00	0.00	0.00	0.00		0.0	0.0
18.01.01-12.21.43	0.0	0.00	0.00	0.00	0.00	0.0	0.00	0.00	0.00	0.00	0.00		0.0	0.0
18.01.01-12.21.45	0.0	21.33	21.65	1.18	12.09	295.6	0.11	0.01	21.32	0.00	0.02		0.0	0.0
18.01.01-12.21.47	0.0	21.32	21.66	1.18	12.09	295.6	0.11	0.01	21.32	0.00	0.02		0.0	0.0
18.01.01-12.21.49	0.0	21.33	21.66	1.18	12.09	295.6	0.11	0.01	21.32	0.00	0.02		0.0	0.0
18.01.01-12.21.51	0.0	21.33	21.66	1.18	12.09	295.6	0.11	0.01	21.32	0.00	0.02		0.0	0.0
18.01.01-12.21.53	0.0	21.32	21.66	1.18	12.09	295.6	0.11	0.01	21.32	0.00	0.02		0.0	0.0
18.01.01-12.21.55	0.0	21.33	21.66	1.18	12.09	295.6	0.11	0.01	21.32	0.00	0.02		0.0	0.0
18.01.01-12.21.57	0.0	21.33	21.66	1.18	12.09	295.6	0.11	0.01	21.32	0.00	0.02		0.0	0.0
18.01.01-12.21.59	0.0	21.34	21.65	1.18	12.09	295.6	0.11	0.01	21.32	0.00	0.02		0.0	0.0
18.01.01-12.22.01	0.0	21.34	21.65	1.18	12.09	295.6	0.11	0.01	21.32	0.00	0.02		0.0	0.0
18.01.01-12.22.03	0.0	21.33	21.65	1.18	12.09	295.6	0.11	0.01	21.32	0.00	0.02		0.0	0.0
18.01.01-12.22.05	0.0	21.33	21.65	1.18	12.09	295.6	0.11	0.01	21.32	0.00	0.02		0.0	0.0
18.01.01-12.22.07	0.0	21.33	21.65	1.18	12.09	295.6	0.11	0.01	21.32	0.00	0.02		0.0	0.0
18.01.01-12.22.09	0.0	21.33	21.65	1.18	12.09	295.6	0.11	0.01	21.32	0.00	0.02		0.0	0.0
18.01.01-12.22.11	0.0	21.34	21.65	1.18	12.09	295.6	0.11	0.01	21.32	0.00	0.02		0.0	0.0
18.01.01-12.22.13	0.0	21.33	21.65	1.18	12.09	295.6	0.11	0.01	21.32	0.00	0.02		0.0	0.0
18.01.01-12.22.15	0.0	21.32	21.65	1.18	12.09	295.6	0.11	0.01	21.33	0.00	0.02		0.0	0.0
18.01.01-12.22.17	0.0	21.32	21.65	1.18	12.09	295.6	0.11	0.01	21.33	0.00	0.02		0.0	0.0
18.01.01-12.22.19	0.0	21.34	21.65	1.18	12.09	295.6	0.11	0.01	21.33	0.00	0.02		0.0	0.0
18.01.01-12.22.21	0.0	21.32	21.65	5.73	12.09	295.6	0.11	0.01	21.33	0.00	0.02		0.0	0.0
18.01.01-12.22.23	0.0	21.32	21.65	5.74	12.09	295.6	0.11	0.01	21.33	0.00	0.02		0.0	0.0
18.01.01-12.22.25	0.0	21.33	21.65	5.73	12.09	295.6	0.11	0.01	21.33	0.00	0.02		0.0	0.0
18.01.01-12.22.27	0.0	21.33	21.65	5.73	12.09	295.6	0.11	0.01	21.33	0.00	0.02		0.0	0.0
18.01.01-12.22.29	0.0	21.33	21.65	5.73	12.09	295.6	0.11	0.01	21.33	0.00	0.02		0.0	0.0
18.01.01-12.22.31	0.0	21.33	21.65	5.73	12.09	295.6	0.11	0.01	21.33	0.00	0.02		0.0	0.0
18.01.01-12.22.33	0.0	21.34	21.65	5.73	12.09	295.6	0.11	0.01	21.33	0.00	0.02		0.0	0.0
18.01.01-12.22.35	0.0	21.33	21.65	5.73	12.09	295.6	0.11	0.01	21.33	0.00	0.02		0.0	0.0
18.01.01-12.22.37	0.0	21.33	21.65	5.73	12.09	295.6	0.11	0.01	21.33	0.00	0.02		0.0	0.0
18.01.01-12.22.39	0.0	21.33	21.65	5.73	12.09	295.6	0.11	0.01	21.33	0.00	0.02		0.0	0.0
18.01.01-12.22.41	0.0	21.32	21.65	5.73	12.09	295.6	0.11	0.01	21.33	0.00	0.02		0.0	0.0
18.01.01-12.22.43	0.0	21.34	21.65	5.73	12.09	295.6	0.11	0.01	21.33	0.00	0.02		0.0	0.0
18.01.01-12.22.45	0.0	21.33	21.65	5.72	12.09	295.6	0.11	0.01	21.33	0.00	0.02		0.0	0.0
18.01.01-12.22.47	0.0	21.34	21.65	5.72	12.09	295.6	0.11	0.01	21.33	0.00	0.02		0.0	0.0
18.01.01-12.22.49	0.0	21.34	21.65	5.72	12.09	295.6	0.11	0.01	21.33	0.00	0.02		0.0	0.0
18.01.01-12.22.51	0.0	21.33	21.65	5.64	12.09	295.6	0.11	0.01	21.33	0.00	0.02		0.0	0.0
18.01.01-12.22.53	0.0	21.34	21.65	5.59	12.09	295.6	0.11	0.01	21.33	0.00	0.02		0.0	0.0
18.01.01-12.22.55	0.0	21.34	21.64	5.53	12.09	295.6	0.11	0.01	21.33	0.00	0.02		0.0	0.0
18.01.01-12.22.57	0.0	21.33	21.65	5.40	12.09	295.6	0.11	0.01	21.33	0.00	0.02		0.0	0.0
18.01.01-12.22.59	0.0	21.33	21.65	5.33	12.09	295.6	0.11	0.01	21.33	0.00	0.02		0.0	0.0
18.01.01-12.23.01	0.0	21.35	21.65	5.26	12.09	295.6	0.11	0.01	21.33	0.00	0.02		0.0	0.0
18.01.01-12.23.03	0.0	21.34	21.65	5.14	12.09	295.6	0.11	0.01	21.33	0.00	0.02		0.0	0.0
18.01.01-12.23.05	0.0	21.34	21.64	5.12	12.09	295.6	0.11	0.01	21.33	0.00	0.02		0.0	0.0
18.01.01-12.23.07	0.0	21.34	21.64	4.96	12.09	295.6	0.11	0.01	21.33	0.00	0.02		0.0	0.0
18.01.01-12.23.09	0.0	21.35	21.64	5.25	12.09	295.6	0.11	0.01	21.33	0.00	0.02		0.0	0.0
18.01.01-12.23.11	0.0	21.35	21.64	5.17	12.09	295.6	0.11	0.01	21.33	0.00	0.02		0.0	0.0
18.01.01-12.23.13	0.0	21.35	21.64	5.10	12.09	295.6	0.11	0.01	21.33	0.00	0.02		0.0	0.0
18.01.01-12.23.15	0.0	21.34	21.64	5.06	12.09	295.6	0.11	0.01	21.33	0.00	0.02		0.0	0.0
18.01.01-12.23.17	0.0	21.35	21.64	5.00	12.09	295.6	0.11	0.01	21.33	0.00	0.02		0.0	0.0
18.01.01-12.23.19	0.0	21.34	21.64	4.88	12.09	295.6	0.11	0.01	21.33	0.00	0.02		0.0	0.0
18.01.01-12.23.21	0.0	21.35	21.64	4.82	12.09	295.6	0.11	0.01	21.33	0.00	0.02		0.0	0.0
18.01.01-12.23.23	0.0	21.35	21.64	4.27	12.09	295.6	0.11	0.01	21.33	0.00	0.02		0.0	0.0
18.01.01-12.23.25	0.0	21.36	21.64	4.13	12.09	295.6	0.11	0.01	21.33	0.00	0.02		0.0	0.0
18.01.01-12.23.27	0.0	21.35	21.64	4.06	12.09	295.6	0.11	0.01	21.33	0.00	0.02		0.0	0.0
18.01.01-12.23.29	0.0	21.35	21.64	3.97	12.09	295.6	0.11	0.01	21.33	0.00	0.02		0.0	0.0
18.01.01-12.23.31	0.0	21.35	21.64	3.86	12.09	295.6	0.11	0.01	21.33	0.00	0.02		0.0	0.0
18.01.01-12.23.33	0.0	21.36	21.64	3.79	12.09	295.6	0.11	0.01	21.33	0.00	0.02		0.0	0.0
18.01.01-12.23.35	0.0	21.35	21.64	3.66	12.09	295.6	0.11	0.01	21.33	0.00	0.02		0.0	0.0
18.01.01-12.23.37	0.0	21.35	21.64	3.58	12.09	295.6	0.11	0.01	21.33	0.00	0.02		0.0	0.0
18.01.01-12.23.39	0.0	21.36	21.64	3.51	12.09	295.6	0.11	0.01	21.33	0.00	0.02		0.0	0.0
18.01.01-12.23.41	0.0	21.35	21.64	3.38	12.09	295.6	0.11	0.01	21.33	0.00	0.02		0.0	0.0
18.01.01-12.23.43	0.0	21.36	21.64	3.30	12.09	295.6	0.11	0.01	21.33	0.00	0.02		0.0	0.0
18.01.01-12.23.45	0.0	21.36	21.64	3.24	12.09	295.6	0.11	0.01	21.33	0.00	0.02		0.0	0.0
18.01.01-12.23.47	0.0	21.36	21.64	3.08	12.09	295.6	0.11	0.01	21.33	0.00	0.02		0.0	0.0
18.01.01-12.23.49	0.0	21.37	21.64	3.02	12.09	295.6	0.11	0.01	21.33	0.00	0.02		0.0	0.0
18.01.01-12.23.51	0.0	21.36	21.64	2.95	12.09	295.6	0.11	0.01	21.33	0.00	0.02		0.0	0.0
18.01.01-12.23.53	0.0	21.37	21.64	2.87	12.09	295.6	0.11	0.01	21.33	0.00	0.02		0.0	0.0
18.01.01-12.23.55	0.0	21.38	21.64	2.80	12.09	295.6	0.11	0.01	21.33	0.00	0.02		0.0	0.0
18.01.01-12.23.57	0.0	21.37	21.64	2.64	12.09	295.6	0.11	0.01	21.33	0.00	0.02		0.0	0.0
18.01.01-12.23.59	0.0	21.37	21.64	2.52	12.09	295.6	0.11	0.01	21.33	0.00	0.02		0.0	0.0
18.01.01-12.24.01	0.0	21.38	21.64	2.45	12.09	295.6	0.11	0.01	21.33	0.00	0.02		0.0	0.0
18.01.01-12.24.03	0.0	21.37	21.64	2.39	12.09	295.6	0.11	0.01	21.33	0.00	0.02		0.0	0.0
18.01.01-12.24.05	0.0	21.37	21.64	2.26	12.09	295.6	0.11	0.01	21.33	0.00	0.02		0.0	0.0
18.01.01-12.24.07	0.0	21.38	21.63	2.19	12.09	295.6	0.11	0.01	21.33	0.00	0.02		0.0	0.0
18.01.01-12.24.09	0.0	21.38	21.64	2.13	12.09	295.6	0.11	0.01	21.33	0.00	0.02		0.0	0.0
18.01.01-12.24.11	0.0	21.38	21.64	2.07	12.09	295.6	0.11	0.01	21.33	0.00	0.02		0.0	0.0
18.01.01-12.24.13	0.0	21.38	21.63	1.94	12.09	295.6	0.11	0.01	21.33	0.00	0.02		0.0	0.0
18.01.01-12.24.15	0.0	21.38	21.63	1.87	12.09	295.6	0.11	0.01	21.33	0.00	0.02		0.0	0.0
18.01.01-12.24.17	0.0	21.38	21.63	1.82	12.09	295.6	0.11	0.01	21.33	0.00	0.02		0.0	0.0
18.01.01-12.24.19	0.0	21.39	21.63	1.70	12.09	295.6	0.11	0.01	21.33	0.00	0.02		0.0	0.0
18.01.01-12.24.21	0.0	21.39	21.63	1.64	12.09	295.6	0.11	0.01	21.33	0.00	0.02		0.0	0.0
18.01.01-12.24.23	0.0	21.39	21.63	1.55	12.09	295.6	0.11	0.01	21.33	0.00	0.02		0.0	0.0
18.01.01-12.24.25	0.0	21.39	21.63	1.47	12.09	295.6	0.11	0.01	21.33	0.00	0.02		0.0	0.0
18.01.01-12.24.27	0.0	21.39	21.63	1.41	12.09	295.6	0.11	0.01	21.33	0.00	0.02		0.0	0.0
18.01.01-12.24.29	0.0	21.38	21.63	1.29	12.09	295.6	0.11	0.01	21.33	0.00	0.02		0.0	0.0
18.01.01-12.24.31	0.0	21.37	21.63	1.22	12.09	295.6	0.11	0.01	21.33	0.00	0.02		0.0	0.0
18.01.01-12.24.33	0.0	21.37	21.63	1.16	12.09	295.6	0.11	0.01	21.33	0.00	0.02		0.0	0.0
18.01.01-12.24.35	0.0	21.36	21.63	1.04	12.09	295.6	0.11	0.01	21.33	0.00	0.02		0.0	0.0
18.01.01-12.24.37	0.0	21.35	21.63	0.98	12.09	295.6	0.11	0.01	21.33	0.00	0.02		0.0	0.0
18.01.01-12.24.39	0.0	21.35	21.63	0.92	12.09	295.6	0.11	0.01	21.33	0.00	0.02		0.0	0.0
18.01.01-12.24.41	0.0	21.34	21.63	0.81	12.09	295.6	0.11	0.01	21.33	0.00	0.02		0.0	0.0
18.01.01-12.24.43	0.0	21.33	21.63	0.75	12.09	295.6	0.11	0.01	21.33	0.00	0.02		0.0	0.0
18.01.01-12.24.45	0.0	21.32	21.63	0.68	12.09	295.6	0.11	0.01	21.33	0.00	0.02		0.0	0.0
18.01.01-12.24.47	0.0	21.32	21.63	0.57	12.09	295.6	0.11	0.01	21.33	0.00	0.02		0.0	0.0
18.01.01-12.24.49	0.0	21.30	21.63	0.50	12.09	295.6	0.11	0.01	21.33	0.00	0.02		0.0	0.0
18.01.01-12.24.51	0.0	21.30	21.63	0.40	12.09	295.6	0.11	0.01	21.33	0.00	0.02		0.0	0.0
18.01.01-12.24.53	0.0	21.28	21.63	0.33	12.09	295.6	0.11	0.01	21.33	0.00	0.02		0.0	0.0
18.01.01-12.24.55	0.0	21.27	21.63	0.27	12.09	295.6	0.11	0.01	21.33	0.00	0.02		0.0	0.0
18.01.01-12.24.57	0.0	21.26	21.63	0.15	12.09	295.6	0.11	0.01	21.33	0.00	0.02		0.0	0.0
18.01.01-12.24.59	0.0	21.25	21.63	0.10	12.09	295.6	0.11	0.01	21.33	0.00	0.02		0.0	0.0
18.01.01-12.25.01	0.0	21.25	21.63	0.04	12.09	295.6	0.11	0.01	21.33	0.00	0.02		0.0	0.0
18.01.01-12.25.03	0.0	21.23	21.63	655.29	12.09	295.6	0.11	0.01	21.33	0.00	0.02		0.0	0.0
18.01.01-12.25.05	0.0	21.22	21.63	655.27	12.09	295.6	0.11	0.01	21.33	0.00	0.02		0.0	0.0
18.01.01-12.25.07	0.0	21.22	21.63	655.24	12.09	295.6	0.11	0.01	21.33	0.00	0.02		0.0	0.0
18.01.01-12.25.09	0.0	21.21	21.63	655.22	12.09	295.6	0.11	0.01	21.33	0.00	0.02		0.0	0.0
18.01.01-12.25.11	0.0	21.19	21.63	655.22	12.09	295.6	0.11	0.01	21.33	0.00	0.02		0.0	0.0
18.01.01-12.25.13	0.0	21.16	21.63	655.22	12.09	295.6	0.11	0.01	21.33	0.00	0.02		0.0	0.0
18.01.01-12.25.15	0.0	21.13	21.63	655.20	12.09	295.6	0.11	0.01	21.33	0.00	0.02		0.0	0.0
18.01.01-12.25.17	0.0	21.10	21.63	655.20	12.09	295.6	0.11	0.01	21.33	0.00	0.02		0.0	0.0
18.01.01-12.25.19	0.0	21.09	21.63	655.19	12.09	295.6	0.11	0.01	21.33	0.00	0.02		0.0	0.0
18.01.01-12.25.21	0.0	21.05	21.62	655.19	12.09	295.6	0.11	0.01	21.33	0.00	0.02		0.0	0.0
18.01.01-12.25.23	0.0	21.03	21.62	655.18	12.09	295.6	0.11	0.01	21.33	0.00	0.02		0.0	0.0
18.01.01-12.25.25	0.0	21.01	21.63	655.19	12.09	295.6	0.11	0.01	21.33	0.00	0.02		0.0	0.0
18.01.01-12.25.27	0.0	20.98	21.63	655.19	12.09	295.6	0.11	0.01	21.33	0.00	0.02		0.0	0.0
18.01.01-12.25.29	0.0	20.96	21.63	655.19	12.09	295.6	0.11	0.01	21.33	0.00	0.02		0.0	0.0
18.01.01-12.25.31	0.0	20.95	21.63	655.19	12.09	295.6	0.11	0.01	21.33	0.00	0.02		0.0	0.0
18.01.01-12.25.33	0.0	20.92	21.62	655.18	12.09	295.6	0.11	0.01	21.33	0.00	0.02		0.0	0.0
18.01.01-12.25.35	0.0	20.91	21.62	655.19	12.09	295.6	0.11	0.01	21.33	0.00	0.02		0.0	0.0
18.01.01-12.25.37	0.0	20.89	21.62	655.19	12.09	295.6	0.11	0.01	21.33	0.00	0.02		0.0	0.0
18.01.01-12.25.39	0.0	20.86	21.62	655.19	12.09	295.6	0.11	0.01	21.33	0.00	0.02		0.0	0.0
18.01.01-12.25.41	0.0	20.84	21.62	655.17	12.09	295.6	0.11	0.01	21.33	0.00	0.02		0.0	0.0
18.01.01-12.25.43	0.0	20.83	21.63	655.18	12.09	295.6	0.11	0.01	21.33	0.00	0.01		0.0	0.0
18.01.01-12.25.45	0.0	20.80	21.62	655.17	12.09	295.6	0.11	0.01	21.33	0.00	0.02		0.0	0.0
18.01.01-12.25.47	0.0	20.80	21.62	655.17	12.09	295.6	0.11	0.01	21.33	0.00	0.02		0.0	0.0
18.01.01-12.25.49	0.0	20.78	21.62	655.17	12.09	295.6	0.11	0.01	21.33	0.00	0.02		0.0	0.0
18.01.01-12.25.51	0.0	20.77	21.62	655.17	12.09	295.6	0.11	0.01	21.33	0.00	0.02		0.0	0.0
18.01.01-12.25.53	0.0	20.77	21.62	655.17	12.09	295.6	0.11	0.01	21.33	0.00	0.02		0.0	0.0
18.01.01-12.25.55	0.0	20.77	21.62	655.17	12.09	295.6	0.11	0.01	21.33	0.00	0.02		0.0	0.0
18.01.01-12.25.57	0.0	20.75	21.62	655.18	12.09	295.6	0.11	0.01	21.33	0.00	0.02		0.0	0.0
18.01.01-12.25.59	0.0	20.74	21.62	655.18	12.09	295.6	0.11	0.01	21.33	0.00	0.02		0.0	0.0
18.01.01-12.26.01	0.0	20.74	21.62	655.17	12.09	295.6	0.11	0.01	21.33	0.00	0.02		0.0	0.0
18.01.01-12.26.03	0.0	20.72	21.62	655.18	12.09	295.6	0.11	0.01	21.33	0.00	0.02		0.0	0.0
18.01.01-12.26.05	0.0	20.71	21.62	655.17	12.09	295.6	0.11	0.01	21.33	0.00	0.01		0.0	0.0
18.01.01-12.26.07	0.0	20.69	21.62	655.18	12.09	295.6	0.11	0.01	21.33	0.00	0.02		0.0	0.0
18.01.01-12.26.09	0.0	20.69	21.62	655.18	12.09	295.6	0.11	0.01	21.33	0.00	0.02		0.0	0.0
18.01.01-12.26.11	0.0	20.66	21.62	655.18	12.09	295.6	0.11	0.01	21.33	0.00	0.02		0.0	0.0
18.01.01-12.26.13	0.0	20.64	21.62	655.15	12.09	295.6	0.11	0.01	21.33	0.00	0.02		0.0	0.0
18.01.01-12.26.15	0.0	20.64	21.62	655.18	12.09	295.6	0.11	0.01	21.33	0.00	0.02		0.0	0.0
18.01.01-12.26.17	0.0	20.63	21.62	655.18	12.09	295.6	0.11	0.01	21.33	0.00	0.01		0.0	0.0
18.01.01-12.26.19	0.0	20.61	21.62	655.18	12.09	295.6	0.11	0.01	21.33	0.00	0.02		0.0	0.0
18.01.01-12.26.21	0.0	20.60	21.62	655.18	12.09	295.6	0.11	0.01	21.33	0.00	0.01		0.0	0.0
18.01.01-12.26.23	0.0	20.55	21.62	655.18	12.09	295.6	0.11	0.01	21.33	0.00	0.02		0.0	0.0
18.01.01-12.26.25	0.0	20.51	21.62	655.19	12.09	295.6	0.11	0.01	21.33	0.00	0.02		0.0	0.0
18.01.01-12.26.27	0.0	20.48	21.62	655.18	12.09	295.6	0.11	0.01	21.33	0.00	0.01		0.0	0.0
18.01.01-12.26.29	0.0	20.45	21.62	655.19	12.09	295.6	0.11	0.01	21.33	0.00	0.02		0.0	0.0
18.01.01-12.26.31	0.0	20.45	21.62	655.19	12.09	295.6	0.11	0.01	21.33	0.00	0.02		0.0	0.0
18.01.01-12.26.33	0.0	20.43	21.62	655.18	12.09	295.6	0.11	0.01	21.33	0.00	0.02		0.0	0.0
18.01.01-12.26.35	0.0	20.41	21.62	655.18	12.09	295.6	0.11	0.01	21.33	0.00	0.02		0.0	0.0
18.01.01-12.26.37	0.0	20.46	21.62	655.32	12.09	295.6	0.11	0.01	21.33	0.00	0.01		0.0	0.0
18.01.01-12.26.39	0.0	20.78	21.62	1.35	12.09	295.6	0.11	0.01	21.33	0.00	0.02		0.0	0.0
18.01.01-12.26.41	0.0	20.97	21.62	4.94	12.09	295.6	0.11	0.01	21.33	0.00	0.02		0.0	0.0
18.01.01-12.26.43	0.0	21.06	21.62	5.36	12.09	295.6	0.11	0.01	21.33	0.00	0.02		0.0	0.0
18.01.01-12.26.45	0.0	21.12	21.62	5.47	12.09	295.6	0.11	0.01	21.33	0.00	0.02		0.0	0.0
18.01.01-12.26.47	0.0	21.16	21.62	5.48	12.09	295.6	0.11	0.01	21.33	0.00	0.02		0.0	0.0
18.01.01-12.26.49	0.0	21.18	21.62	5.49	12.09	295.6	0.11	0.01	21.33	0.00	0.02		0.0	0.0
18.01.01-12.26.51	0.0	21.20	21.62	5.49	12.09	295.6	0.11	0.01	21.33	0.00	0.02		0.0	0.0
18.01.01-12.26.53	0.0	21.21	21.62	5.49	12.09	295.6	0.11	0.01	21.33	0.00	0.02		0.0	0.0
18.01.01-12.26.55	0.0	21.22	21.62	5.48	12.09	295.6	0.11	0.01	21.33	0.00	0.01		0.0	0.0
18.01.01-12.26.57	0.0	21.23	21.62	5.49	12.09	295.6	0.11	0.01	21.33	0.00	0.02		0.0	0.0
18.01.01-12.26.59	0.0	21.23	21.62	5.48	12.09	295.6	0.11	0.01	21.33	0.00	0.02		0.0	0.0
18.01.01-12.27.01	0.0	21.25	21.62	5.49	12.09	295.6	0.11	0.01	21.33	0.00	0.01		0.0	0.0
18.01.01-12.27.03	0.0	21.26	21.62	5.49	12.09	295.6	0.11	0.01	21.33	0.00	0.01		0.0	0.0
18.01.01-12.27.05	0.0	21.24	21.61	5.50	12.09	295.6	0.11	0.01	21.33	0.00	0.01		0.0	0.0
18.01.01-12.27.07	0.0	21.25	21.61	5.50	12.09	295.6	0.11	0.01	21.33	0.00	0.02		0.0	0.0
18.01.01-12.27.09	0.0	21.24	21.61	5.49	12.09	295.6	0.11	0.01	21.33	0.00	0.01		0.0	0.0
18.01.01-12.27.11	0.0	21.24	21.61	5.49	12.09	295.6	0.11	0.01	21.33	0.00	0.02		0.0	0.0
18.01.01-12.27.13	0.0	21.25	21.61	5.50	12.09	295.6	0.11	0.01	21.33	0.00	0.01		0.0	0.0
18.01.01-12.27.15	0.0	21.26	21.61	5.50	12.09	295.6	0.11	0.01	21.33	0.00	0.02		0.0	0.0
18.01.01-12.27.17	0.0	21.25	21.61	5.50	12.09	295.6	0.11	0.01	21.33	0.00	0.01		0.0	0.0
18.01.01-12.27.19	0.0	21.26	21.61	5.50	12.09	295.6	0.11	0.01	21.33	0.00	0.01		0.0	0.0
18.01.01-12.27.21	0.0	21.25	21.61	5.50	12.09	295.6	0.11	0.01	21.33	0.00	0.02		0.0	0.0
18.01.01-12.27.23	0.0	21.25	21.61	5.50	12.09	295.6	0.11	0.01	21.33	0.00	0.02		0.0	0.0
18.01.01-12.27.25	0.0	21.26	21.61	5.50	12.09	295.6	0.11	0.01	21.33	0.00	0.02		0.0	0.0
18.01.01-12.27.27	0.0	21.26	21.61	5.50	12.09	295.6	0.11	0.01	21.33	0.00	0.02		0.0	0.0
18.01.01-12.27.29	0.0	21.25	21.61	5.50	12.09	295.6	0.11	0.01	21.33	0.00	0.02		0.0	0.0
18.01.01-12.27.31	0.0	21.24	21.61	5.50	12.09	295.6	0.11	0.01	21.33	0.00	0.02		0.0	0.0
18.01.01-12.27.33	0.0	21.26	21.61	5.50	12.09	295.6	0.11	0.01	21.33	0.00	0.01		0.0	0.0
18.01.01-12.27.35	0.0	21.24	21.61	5.50	12.09	295.6	0.11	0.01	21.33	0.00	0.02		0.0	0.0
18.01.01-12.27.37	0.0	21.26	21.66	5.50	12.09	295.6	0.11	0.01	21.33	0.00	0.02		0.0	0.0
18.01.01-12.27.39	0.0	21.26	21.65	5.50	12.09	295.6	0.11	0.01	21.33	0.00	0.02		0.0	0.0
18.01.01-12.27.41	0.0	21.26	21.65	5.50	12.09	295.6	0.11	0.01	21.33	0.00	0.02		0.0	0.0
18.01.01-12.27.43	0.0	21.26	21.61	5.50	12.09	295.6	0.11	0.01	21.33	0.00	0.01		0.0	0.0
18.01.01-12.27.45	0.0	21.25	21.61	5.50	12.09	295.6	0.11	0.01	21.33	0.00	0.01		0.0	0.0
18.01.01-12.27.47	0.0	21.24	21.61	5.50	12.09	295.6	0.11	0.01	21.33	0.00	0.02		0.0	0.0
18.01.01-12.27.49	0.0	21.25	21.61	5.50	12.09	295.6	0.11	0.01	21.33	0.01	0.05		0.0	0.0
18.01.01-12.27.51	0.0	21.26	21.61	5.50	12.09	295.6	0.11	0.01	21.33	0.00	0.02		0.0	0.0
18.01.01-12.27.53	0.0	21.25	21.61	5.50	12.09	295.6	0.11	0.01	21.33	0.00	0.00		0.0	0.0
18.01.01-12.27.55	0.0	21.26	21.61	5.50	12.09	295.6	0.11	0.01	21.33	0.00	0.04		0.0	0.0
18.01.01-12.27.57	0.0	21.26	21.60	5.50	12.09	295.6	0.11	0.01	21.33	0.00	0.02		0.0	0.0
18.01.01-12.27.59	0.0	21.26	21.60	5.51	12.09	295.6	0.11	0.01	21.33	0.00	0.00		0.0	0.0
18.01.01-12.28.01	0.0	21.26	21.61	5.51	12.09	295.6	0.11	0.01	21.33	0.00	0.04		0.0	0.0
18.01.01-12.28.03	0.0	21.26	21.61	5.51	12.09	295.6	0.11	0.01	21.33	0.00	0.04		0.0	0.0
18.01.01-12.28.05	0.0	21.27	21.61	5.51	12.09	295.6	0.11	0.01	21.33	0.00	0.01		0.0	0.0
18.01.01-12.28.07	0.0	21.26	21.61	5.51	12.09	295.6	0.11	0.01	21.33	0.00	0.00		0.0	0.0
18.01.01-12.28.09	0.0	21.26	21.60	5.51	12.09	295.6	0.11	0.01	21.33	0.02	0.06		0.0	0.0
18.01.01-12.28.11	0.0	21.27	21.60	5.51	12.09	295.6	0.11	0.01	21.33	0.02	0.06		0.0	0.0
18.01.01-12.28.13	0.0	21.26	21.60	5.51	12.09	295.6	0.11	0.01	21.33	0.00	0.00		0.0	0.0
18.01.01-12.28.15	0.0	21.26	21.60	5.51	12.09	295.6	0.11	0.01	21.33	0.00	0.01		0.0	0.0
18.01.01-12.28.17	0.0	21.26	21.60	5.51	12.09	295.6	0.11	0.01	21.33	0.01	0.05		0.0	0.0
18.01.01-12.28.19	0.0	21.27	21.60	5.51	12.09	295.6	0.11	0.01	21.33	0.00	0.00		0.0	0.0
18.01.01-12.28.21	0.0	21.27	21.60	5.51	12.09	295.6	0.11	0.01	21.33	0.00	0.00		0.0	0.0
18.01.01-12.28.23	0.0	21.27	21.60	5.51	12.09	295.6	0.11	0.00	21.33	0.01	0.05		0.0	0.0
18.01.01-12.28.25	0.0	21.27	21.60	5.51	12.09	295.6	0.11	0.00	21.33	0.01	0.05		0.0	0.0
18.01.01-12.28.27	0.0	21.27	21.60	5.51	12.09	295.6	0.11	0.00	21.33	0.00	0.00		0.0	0.0
18.01.01-12.28.29	0.0	21.28	21.60	5.51	12.09	295.6	0.11	0.00	21.33	0.00	0.00		0.0	0.0
18.01.01-12.28.31	0.0	21.28	21.60	5.51	12.09	295.6	0.11	0.00	21.33	0.04	0.08		0.0	0.0
18.01.01-12.28.33	0.0	21.27	21.60	5.51	12.09	295.6	0.11	0.00	21.33	0.02	0.06		0.0	0.0
18.01.01-12.28.35	0.0	21.28	21.60	5.51	12.09	295.6	0.11	0.00	21.33	0.00	0.01		0.0	0.0
18.01.01-12.28.37	0.0	21.28	21.60	5.51	12.09	295.6	0.11	0.00	21.33	0.00	0.00		0.0	0.0
18.01.01-12.28.39	0.0	21.28	21.60	5.51	12.09	295.6	0.11	0.00	21.33	0.01	0.06		0.0	0.0
18.01.01-12.28.41	0.0	21.27	21.60	5.51	12.09	295.6	0.11	0.00	21.33	0.02	0.05		0.0	0.0
18.01.01-12.28.43	0.0	21.28	21.60	5.51	12.09	295.6	0.11	0.00	21.33	0.00	0.03		0.0	0.0
18.01.01-12.28.45	0.0	21.27	21.60	5.51	12.09	295.6	0.11	0.00	21.33	0.00	0.00		0.0	0.0
18.01.01-12.28.47	0.0	21.27	21.60	5.51	12.09	295.6	0.11	0.00	21.33	0.00	0.00		0.0	0.0
18.01.01-12.28.49	0.0	21.28	21.60	5.51	12.09	295.6	0.11	0.00	21.33	0.03	0.07		0.0	0.0
18.01.01-12.28.51	0.0	21.28	21.60	5.51	12.09	295.6	0.11	0.00	21.33	0.02	0.06		0.0	0.0
18.01.01-12.28.53	0.0	21.29	21.60	5.51	12.09	295.6	0.10	0.00	21.33	0.00	0.00		0.0	0.0
18.01.01-12.28.55	0.0	21.28	21.60	5.51	12.09	295.6	0.10	0.00	21.33	0.00	0.00		0.0	0.0
18.01.01-12.28.57	0.0	21.27	21.60	5.51	12.09	295.6	0.10	0.00	21.33	0.01	0.06		0.0	0.0
18.01.01-12.28.59	0.0	21.27	21.60	5.51	12.09	295.6	0.10	0.00	21.33	0.00	0.00		0.0	0.0
18.01.01-12.29.01	0.0	21.28	21.59	5.51	12.09	295.6	0.10	0.00	21.33	0.00	0.04		0.0	0.0
18.01.01-12.29.03	0.0	21.26	21.59	5.51	12.09	295.6	0.10	0.00	21.33	0.02	0.06		0.0	0.0
18.01.01-12.29.05	0.0	21.28	21.60	5.51	12.09	295.6	0.10	0.00	21.33	0.00	0.00		0.0	0.0
18.01.01-12.29.07	0.0	21.28	21.59	5.51	12.09	295.6	0.10	0.00	21.33	0.00	0.02		0.0	0.0
18.01.01-12.29.09	0.0	21.28	21.59	5.51	12.09	295.6	0.10	0.00	21.33	0.02	0.05		0.0	0.0
18.01.01-12.29.11	0.0	21.28	21.59	5.51	12.09	295.6	0.10	0.00	21.33	0.02	0.05		0.0	0.0
18.01.01-12.29.13	0.0	21.28	21.59	5.51	12.09	295.6	0.10	0.00	21.33	0.00	0.00		0.0	0.0
18.01.01-12.29.15	0.0	21.28	21.59	5.51	12.09	295.6	0.10	0.00	21.33	0.00	0.00		0.0	0.0
18.01.01-12.29.17	0.0	21.28	21.59	5.51	12.09	295.6	0.10	0.00	21.33	0.01	0.05		0.0	0.0
18.01.01-12.29.19	0.0	21.29	21.59	5.51	12.09	295.6	0.10	0.00	21.33	0.00	0.00		0.0	0.0
18.01.01-12.29.21	0.0	21.29	21.59	5.51	12.09	295.6	0.10	0.00	21.33	0.00	0.01		0.0	0.0
18.01.01-12.29.23	0.0	21.29	21.59	5.52	12.09	295.6	0.10	0.00	21.33	0.02	0.05		0.0	0.0
18.01.01-12.29.25	0.0	21.29	21.59	5.51	12.09	295.6	0.10	0.00	21.33	0.03	0.06		0.0	0.0
18.01.01-12.29.27	0.0	21.29	21.59	5.51	12.09	295.6	0.10	0.00	21.33	0.00	0.01		0.0	0.0
18.01.01-12.29.29	0.0	21.28	21.59	5.51	12.09	295.6	0.10	0.00	21.33	0.00	0.00		0.0	0.0
18.01.01-12.29.31	0.0	21.28	21.59	5.51	12.09	295.6	0.10	0.00	21.33	0.01	0.06		0.0	0.0
18.01.01-12.29.33	0.0	21.28	21.59	5.51	12.09	295.6	0.10	0.00	21.33	0.01	0.06		0.0	0.0
18.01.01-12.29.35	0.0	21.28	21.59	5.51	12.09	295.6	0.10	0.00	21.33	0.00	0.00		0.0	0.0
18.01.01-12.29.37	0.0	21.27	21.59	5.51	12.09	295.6	0.10	0.00	21.33	0.00	0.00		0.0	0.0
18.01.01-12.29.39	0.0	21.27	21.59	5.51	12.09	295.6	0.10	0.00	21.33	0.00	0.03		0.0	0.0
18.01.01-12.29.41	0.0	21.28	21.59	5.51	12.09	295.6	0.10	0.00	21.33	0.02	0.05		0.0	0.0
18.01.01-12.29.43	0.0	21.27	21.59	5.51	12.09	295.6	0.10	0.00	21.33	0.00	0.01		0.0	0.0
18.01.01-12.29.45	0.0	21.27	21.59	5.51	12.09	295.6	0.10	0.00	21.33	0.00	0.00		0.0	0.0
18.01.01-12.29.47	0.0	21.27	21.59	5.51	12.09	295.6	0.10	0.00	21.33	0.00	0.05		0.0	0.0
18.01.01-12.29.49	0.0	21.27	21.59	5.51	12.09	295.6	0.10	0.00	21.33	0.02	0.06		0.0	0.0
18.01.01-12.29.51	0.0	21.26	21.59	5.51	12.09	295.6	0.10	0.00	21.33	0.00	0.00		0.0	0.0
18.01.01-12.29.53	0.0	21.26	21.59	5.51	12.09	295.6	0.10	0.00	21.33	0.01	0.06		0.0	0.0
18.01.01-12.29.55	0.0	21.26	21.59	5.51	12.09	295.6	0.10	0.00	21.33	0.01	0.06		0.0	0.0
18.01.01-12.29.57	0.0	21.27	21.59	5.51	12.09	295.6	0.10	0.00	21.33	0.02	0.06		0.0	0.0
18.01.01-12.29.59	0.0	21.27	21.59	5.51	12.09	295.6	0.10	0.00	21.33	0.00	0.00		0.0	0.0
18.01.01-12.30.01	0.0	21.27	21.59	5.51	12.09	295.6	0.10	0.00	21.33	0.01	0.06		0.0	0.0
18.01.01-12.30.03	0.0	21.26	21.58	5.51	12.09	295.6	0.10	0.00	21.33	0.02	0.06		0.0	0.0
18.01.01-12.30.05	0.0	21.26	21.58	54.47	12.09	295.6	0.10	0.00	21.33	0.01	0.05		0.0	0.0
18.01.01-12.30.07	0.0	21.27	21.59	8.46	12.09	295.6	0.10	0.00	21.33	0.00	0.01		0.0	0.0
18.01.01-12.30.09	0.0	21.26	21.58	7.05	12.09	295.6	0.10	0.00	21.33	0.01	0.06		0.0	0.0
18.01.01-12.30.11	0.0	21.27	21.58	6.59	12.09	295.6	0.10	0.00	21.33	0.02	0.06		0.0	0.0
18.01.01-12.30.13	0.0	21.27	21.59	6.34	12.09	295.6	0.10	0.00	21.33	0.00	0.04		0.0	0.0
18.01.01-12.30.15	0.0	21.26	21.58	6.19	12.09	295.6	0.10	0.00	21.33	0.00	0.00		0.0	0.0
18.01.01-12.30.17	0.0	21.26	21.58	6.19	12.09	295.6	0.10	0.00	21.33	0.00	0.00		0.0	0.0
18.01.01-12.30.19	0.0	21.26	21.58	6.10	12.09	295.6	0.10	0.00	21.33	0.03	0.06		0.0	0.0
18.01.01-12.30.21	0.0	21.27	21.58	6.02	12.09	295.6	0.10	0.00	21.33	0.00	0.00		0.0	0.0
18.01.01-12.30.23	0.0	21.25	21.58	5.96	12.09	295.6	0.10	0.00	21.33	0.00	0.00		0.0	0.0
18.01.01-12.30.25	0.0	21.28	21.58	5.91	12.09	295.6	0.10	0.00	21.33	0.04	0.07		0.0	0.0
18.01.01-12.30.27	0.0	21.27	21.58	5.88	12.09	295.6	0.10	0.00	21.33	0.02	0.06		0.0	0.0
18.01.01-12.30.29	0.0	21.28	21.58	5.83	12.09	295.6	0.10	0.00	21.33	0.00	0.00		0.0	0.0
18.01.01-12.30.31	0.0	21.27	21.58	5.82	12.09	295.6	0.10	0.00	21.33	0.00	0.01		0.0	0.0
18.01.01-12.30.33	0.0	21.28	21.58	5.81	12.09	295.6	0.10	0.00	21.33	0.04	0.07		0.0	0.0
18.01.01-12.30.35	0.0	21.27	21.58	5.78	12.09	295.6	0.10	0.00	21.33	0.02	0.06		0.0	0.0
18.01.01-12.30.37	0.0	21.27	21.58	5.76	12.09	295.6	0.10	0.00	21.33	0.00	0.00		0.0	0.0
18.01.01-12.30.39	0.0	21.26	21.58	5.76	12.09	295.6	0.10	0.00	21.33	0.00	0.02		0.0	0.0
18.01.01-12.30.41	0.0	21.26	21.58	5.76	12.09	295.6	0.10	0.00	21.33	0.00	0.02		0.0	0.0
18.01.01-12.30.43	0.0	21.27	21.58	5.75	12.09	295.6	0.10	0.00	21.33	0.00	0.00		0.0	0.0
18.01.01-12.30.45	0.0	21.27	21.58	5.72	12.09	295.6	0.10	0.00	21.33	0.02	0.07		0.0	0.0
18.01.01-12.30.47	0.0	21.27	21.58	5.73	12.09	295.6	0.10	0.00	21.33	0.02	0.05		0.0	0.0
18.01.01-12.30.49	0.0	21.28	21.58	5.71	12.09	295.6	0.10	0.00	21.33	0.00	0.00		0.0	0.0
18.01.01-12.30.51	0.0	21.28	21.58	5.69	12.09	295.6	0.10	0.00	21.33	0.03	0.08		0.0	0.0
18.01.01-12.30.53	0.0	21.28	21.58	5.70	12.09	295.6	0.10	0.00	21.33	0.01	0.05		0.0	0.0
18.01.01-12.30.55	0.0	21.28	21.58	5.69	12.09	295.6	0.10	0.00	21.33	0.00	0.01		0.0	0.0
18.01.01-12.30.57	0.0	21.27	21.58	5.68	12.09	295.6	0.10	0.00	21.33	0.00	0.05		0.0	0.0
18.01.01-12.30.59	0.0	21.28	21.58	5.67	12.09	295.6	0.10	0.00	21.33	0.03	0.06		0.0	0.0
18.01.01-12.31.01	0.0	21.29	21.58	5.67	12.09	295.6	0.10	0.00	21.33	0.00	0.00		0.0	0.0
18.01.01-12.31.03	0.0	21.29	21.58	5.67	12.09	295.6	0.10	0.00	21.33	0.00	0.00		0.0	0.0
18.01.01-12.31.05	0.0	21.28	21.58	5.66	12.09	295.6	0.10	0.00	21.33	0.00	0.01		0.0	0.0
18.01.01-12.31.07	0.0	21.28	21.58	5.66	12.09	295.6	0.10	0.00	21.33	0.02	0.05		0.0	0.0
18.01.01-12.31.09	0.0	21.28	21.58	5.68	12.09	295.6	0.10	0.00	21.33	0.00	0.02		0.0	0.0
18.01.01-12.31.11	0.0	21.28	21.58	5.66	12.09	295.6	0.10	0.00	21.33	0.00	0.01		0.0	0.0
18.01.01-12.31.13	0.0	21.29	21.57	5.66	12.09	295.6	0.10	0.00	21.33	0.03	0.07		0.0	0.0
18.01.01-12.31.15	0.0	21.29	21.58	5.59	12.09	295.6	0.10	0.00	21.33	0.01	0.05		0.0	0.0
18.01.01-12.31.17	0.0	21.29	21.58	5.55	12.09	295.6	0.10	0.00	21.33	0.00	0.00		0.0	0.0
18.01.01-12.31.19	0.0	21.29	21.58	5.50	12.09	295.6	0.10	0.00	21.33	0.00	0.01		0.0	0.0
18.01.01-12.31.21	0.0	21.28	21.58	5.44	12.09	295.6	0.10	0.00	21.33	0.01	0.06		0.0	0.0
18.01.01-12.31.23	0.0	21.29	21.58	5.38	12.09	295.6	0.10	0.00	21.33	0.00	0.00		0.0	0.0
18.01.01-12.31.25	0.0	21.29	21.58	5.38	12.09	295.6	0.10	0.00	21.33	0.00	0.00		0.0	0.0
18.01.01-12.31.27	0.0	21.28	21.58	5.32	12.09	295.6	0.10	0.00	21.33	0.00	0.00		0.0	0.0
18.01.01-12.31.29	0.0	21.28	21.58	5.22	12.09	295.6	0.10	0.00	21.33	0.01	0.06		0.0	0.0
18.01.01-12.31.31	0.0	21.29	21.57	5.17	12.09	295.6	0.10	0.00	21.33	0.01	0.04		0.0	0.0
18.01.01-12.31.33	0.0	21.29	21.57	5.06	12.09	295.6	0.10	0.00	21.33	0.00	0.00		0.0	0.0
18.01.01-12.31.35	0.0	21.28	21.57	4.98	12.09	295.6	0.10	0.00	21.33	0.01	0.06		0.0	0.0
18.01.01-12.31.37	0.0	21.28	21.57	4.86	12.09	295.6	0.10	0.00	21.33	0.00	0.02		0.0	0.0
18.01.01-12.31.39	0.0	21.29	21.57	4.80	12.09	295.6	0.10	0.00	21.33	0.00	0.00		0.0	0.0
18.01.01-12.31.41	0.0	21.29	21.58	4.68	12.09	295.6	0.10	0.00	21.33	0.01	0.05		0.0	0.0
18.01.01-12.31.43	0.0	21.28	21.57	4.61	12.09	295.6	0.10	0.00	21.33	0.00	0.02		0.0	0.0
18.01.01-12.31.45	0.0	21.29	21.57	4.49	12.09	295.6	0.10	0.00	21.33	0.00	0.00		0.0	0.0
18.01.01-12.31.47	0.0	21.29	21.57	4.49	12.09	295.6	0.10	0.00	21.33	0.00	0.00		0.0	0.0
18.01.01-12.31.49	0.0	21.28	21.57	4.44	12.09	295.6	0.10	0.00	21.33	0.01	0.06		0.0	0.0
18.01.01-12.31.51	0.0	21.29	21.58	4.31	12.09	295.6	0.10	0.00	21.33	0.00	0.00		0.0	0.0
18.01.01-12.31.53	0.0	21.29	21.57	4.23	12.09	295.6	0.10	0.00	21.33	0.00	0.00		0.0	0.0
18.01.01-12.31.55	0.0	21.29	21.57	4.13	12.09	295.6	0.10	0.00	21.33	0.01	0.06		0.0	0.0
18.01.01-12.31.57	6.0	119.37	21.57	109.22	12.24	300.0	0.92	5.83	21.55	61.42	22.11		0.0	0.0
18.01.01-12.31.59	6.0	119.37	21.57	109.22	12.24	300.0	1.99	5.83	21.83	61.42	22.11		0.0	0.0
18.01.01-12.32.01	0.0	21.11	21.57	43.59	12.09	295.6	2.65	0.00	21.99	0.00	0.00		0.0	0.0
18.01.01-12.32.03	0.0	21.30	21.57	4.32	12.09	295.6	2.58	0.00	21.97	0.03	0.07		0.0	0.0
18.01.01-12.32.05	0.0	21.30	21.57	3.89	12.09	295.6	2.52	0.00	21.95	0.02	0.06		0.0	0.0
18.01.01-12.32.07	0.0	21.30	21.57	3.72	12.09	295.6	2.45	0.00	21.94	0.00	0.00		0.0	0.0
18.01.01-12.32.09	0.0	21.30	21.57	3.58	12.09	295.6	2.39	0.00	21.92	0.03	0.06		0.0	0.0
18.01.01-12.32.11	0.0	21.30	21.57	3.58	12.09	295.6	2.39	0.00	21.92	0.03	0.06		0.0	0.0
18.01.01-12.32.13	0.0	21.30	21.57	3.47	12.09	295.6	2.33	0.00	21.91	0.02	0.06		0.0	0.0
18.01.01-12.32.15	0.0	21.30	21.57	3.35	12.09	295.6	2.27	0.00	21.89	0.00	0.01		0.0	0.0
18.01.01-12.32.17	0.0	21.30	21.57	3.26	12.09	295.6	2.21	0.00	21.87	0.02	0.07		0.0	0.0
18.01.01-12.32.19	0.0	21.30	21.57	3.15	12.09	295.6	2.16	0.00	21.86	0.03	0.06		0.0	0.0
18.01.01-12.32.21	0.0	21.30	21.57	3.05	12.09	295.6	2.10	0.00	21.85	0.00	0.00		0.0	0.0
18.01.01-12.32.23	0.0	21.30	21.57	2.78	12.09	295.6	2.05	0.00	21.83	0.00	0.00		0.0	0.0
18.01.01-12.32.25	0.0	21.30	21.57	2.66	12.09	295.6	2.00	0.00	21.82	0.02	0.06		0.0	0.0
18.01.01-12.32.27	0.0	21.31	21.57	2.60	12.09	295.6	1.95	0.00	21.81	0.00	0.00		0.0	0.0
18.01.01-12.32.29	0.0	21.31	21.57	2.54	12.09	295.6	1.90	0.00	21.79	0.00	0.00		0.0	0.0
18.01.01-12.32.31	0.0	21.30	21.57	2.50	12.09	295.6	1.85	0.00	21.78	0.01	0.06		0.0	0.0
18.01.01-12.32.33	0.0	21.30	21.57	2.50	12.09	295.6	1.85	0.00	21.78	0.01	0.06		0.0	0.0
18.01.01-12.32.35	0.0	21.32	21.57	2.39	12.09	295.6	1.80	0.00	21.77	0.00	0.00		0.0	0.0
18.01.01-12.32.37	0.0	21.32	21.57	2.32	12.09	295.6	1.76	0.00	21.76	0.00	0.01		0.0	0.0
18.01.01-12.32.39	0.0	21.32	21.57	2.22	12.09	295.6	1.71	0.00	21.74	0.02	0.06		0.0	0.0
18.01.01-12.32.41	0.0	21.33	21.57	2.15	12.09	295.6	1.67	0.00	21.73	0.02	0.07		0.0	0.0
18.01.01-12.32.43	0.0	21.32	21.57	2.05	12.09	295.6	1.63	0.00	21.72	0.00	0.00		0.0	0.0
18.01.01-12.32.45	0.0	21.31	21.57	1.97	12.09	295.6	1.59	0.00	21.71	0.00	0.00		0.0	0.0
18.01.01-12.32.47	0.0	21.31	21.57	1.86	12.09	295.6	1.55	0.00	21.70	0.02	0.07		0.0	0.0
18.01.01-12.32.49	0.0	21.32	21.57	1.81	12.09	295.6	1.51	0.00	21.69	0.00	0.00		0.0	0.0
18.01.01-12.32.51	0.0	21.32	21.57	1.69	12.09	295.6	1.47	0.00	21.68	0.00	0.02		0.0	0.0
18.01.01-12.32.53	0.0	21.31	21.56	1.62	12.09	295.6	1.44	0.00	21.67	0.03	0.07		0.0	0.0
18.01.01-12.32.55	0.0	21.31	21.56	1.62	12.09	295.6	1.44	0.00	21.67	0.03	0.07		0.0	0.0
18.01.01-12.32.57	0.0	21.32	21.57	1.52	12.09	295.6	1.40	0.00	21.66	0.01	0.05		0.0	0.0
18.01.01-12.32.59	0.0	21.33	21.57	1.46	12.09	295.6	1.37	0.00	21.65	0.00	0.00		0.0	0.0
18.01.01-12.33.01	0.0	21.33	21.57	1.37	12.09	295.6	1.34	0.00	21.64	0.00	0.00		0.0	0.0
18.01.01-12.33.03	0.0	21.32	21.57	1.30	12.09	295.6	1.30	0.00	21.64	0.01	0.05		0.0	0.0
18.01.01-12.33.05	0.0	21.32	21.57	1.20	12.09	295.6	1.27	0.00	21.63	0.02	0.06		0.0	0.0
18.01.01-12.33.07	0.0	21.32	21.57	1.13	12.09	295.6	1.24	0.00	21.62	0.00	0.00		0.0	0.0
18.01.01-12.33.09	0.0	21.33	21.56	1.04	12.09	295.6	1.21	0.00	21.61	0.00	0.00		0.0	0.0
18.01.01-12.33.11	0.0	21.33	21.56	0.98	12.09	295.6	1.18	0.00	21.60	0.02	0.07		0.0	0.0
18.01.01-12.33.13	0.0	21.32	21.56	0.88	12.09	295.6	1.15	0.00	21.60	0.01	0.04		0.0	0.0
18.01.01-12.33.15	0.0	21.31	21.56	0.80	12.09	295.6	1.13	0.00	21.59	0.00	0.01		0.0	0.0
18.01.01-12.33.17	0.0	21.30	21.56	0.72	12.09	295.6	1.10	0.00	21.58	0.04	0.06		0.0	0.0
18.01.01-12.33.19	0.0	21.30	21.56	0.72	12.09	295.6	1.10	0.00	21.58	0.04	0.06		0.0	0.0
18.01.01-12.33.21	0.0	21.29	21.56	0.65	12.09	295.6	1.07	0.00	21.58	0.02	0.05		0.0	0.0
18.01.01-12.33.23	0.0	21.28	21.56	0.58	12.09	295.6	1.05	0.00	21.57	0.00	0.00		0.0	0.0
18.01.01-12.33.25	0.0	21.27	21.56	0.48	12.09	295.6	1.02	0.00	21.56	0.00	0.00		0.0	0.0
18.01.01-12.33.27	0.0	21.27	21.56	0.42	12.09	295.6	1.00	0.00	21.55	0.02	0.06		0.0	0.0
18.01.01-12.33.29	0.0	21.26	21.56	0.33	12.09	295.6	0.97	0.00	21.55	0.00	0.00		0.0	0.0
18.01.01-12.33.31	0.0	21.24	21.56	0.27	12.09	295.6	0.95	0.00	21.54	0.00	0.01		0.0	0.0
18.01.01-12.33.33	0.0	21.22	21.56	0.16	12.09	295.6	0.93	0.00	21.54	0.02	0.06		0.0	0.0
18.01.01-12.33.35	0.0	21.22	21.56	0.09	12.09	295.6	0.91	0.00	21.53	0.00	0.03		0.0	0.0
18.01.01-12.33.37	0.0	21.20	21.56	0.02	12.09	295.6	0.89	0.00	21.52	0.00	0.01		0.0	0.0
18.01.01-12.33.39	0.0	21.20	21.56	655.35	12.09	295.6	0.86	0.00	21.52	0.01	0.05		0.0	0.0
18.01.01-12.33.41	0.0	21.20	21.56	655.35	12.09	295.6	0.86	0.00	21.52	0.01	0.05		0.0	0.0
18.01.01-12.33.43	0.0	21.18	21.56	655.33	12.09	295.6	0.84	0.00	21.51	0.01	0.06		0.0	0.0
18.01.01-12.33.45	0.0	21.22	21.57	0.03	12.09	295.6	0.82	0.00	21.51	0.00	0.00		0.0	0.0
18.01.01-12.33.47	0.0	21.23	21.57	3.07	12.09	295.6	0.81	0.00	21.50	0.00	0.00		0.0	0.0
18.01.01-12.33.49	0.0	21.24	21.56	4.89	12.09	295.6	0.79	0.00	21.50	0.02	0.05		0.0	0.0
18.01.01-12.33.51	0.0	21.24	21.56	5.28	12.09	295.6	0.77	0.00	21.49	0.02	0.06		0.0	0.0
18.01.01-12.33.53	0.0	21.25	21.56	5.33	12.09	295.6	0.75	0.00	21.49	0.00	0.01		0.0	0.0
18.01.01-12.33.55	0.0	21.26	21.56	5.34	12.09	295.6	0.73	0.00	21.49	0.00	0.00		0.0	0.0
18.01.01-12.33.57	0.0	21.24	21.56	5.34	12.09	295.6	0.72	0.00	21.48	0.01	0.07		0.0	0.0
18.01.01-12.33.59	0.0	21.26	21.56	5.36	12.09	295.6	0.70	0.00	21.48	0.00	0.00		0.0	0.0
18.01.01-12.34.01	0.0	21.26	21.56	5.36	12.09	295.6	0.68	0.00	21.47	0.00	0.02		0.0	0.0
18.01.01-12.34.03	0.0	21.26	21.56	5.36	12.09	295.6	0.68	0.00	21.47	0.00	0.02		0.0	0.0
18.01.01-12.34.05	0.0	21.26	21.56	5.36	12.09	295.6	0.67	0.00	21.47	0.01	0.05		0.0	0.0
18.01.01-12.34.07	0.0	21.26	21.56	5.37	12.09	295.6	0.65	0.00	21.46	0.00	0.00		0.0	0.0
18.01.01-12.34.09	0.0	21.27	21.56	5.37	12.09	295.6	0.64	0.00	21.46	0.00	0.00		0.0	0.0
18.01.01-12.34.11	0.0	21.27	21.56	5.36	12.09	295.6	0.63	0.00	21.46	0.03	0.06		0.0	0.0
18.01.01-12.34.13	0.0	21.26	21.56	5.37	12.09	295.6	0.61	0.00	21.45	0.01	0.05		0.0	0.0
18.01.01-12.34.15	0.0	21.27	21.56	5.36	12.09	295.6	0.60	0.00	21.45	0.00	0.00		0.0	0.0
18.01.01-12.34.17	0.0	21.26	21.56	5.38	12.09	295.6	0.59	0.00	21.45	0.00	0.02		0.0	0.0
18.01.01-12.34.19	0.0	21.26	21.56	5.37	12.09	295.6	0.57	0.00	21.44	0.02	0.07		0.0	0.0
18.01.01-12.34.21	0.0	21.26	21.56	5.36	12.09	295.6	0.56	0.00	21.44	0.00	0.00		0.0	0.0
18.01.01-12.34.23	0.0	21.26	21.56	5.37	12.09	295.6	0.55	0.00	21.44	0.00	0.02		0.0	0.0
18.01.01-12.34.25	0.0	21.26	21.56	5.37	12.09	295.6	0.55	0.00	21.44	0.00	0.02		0.0	0.0
18.01.01-12.34.27	0.0	21.26	21.59	5.36	12.09	295.6	0.54	0.00	21.43	0.02	0.07		0.0	0.0
18.01.01-12.34.29	0.0	21.26	21.58	5.36	12.09	295.6	0.53	0.00	21.43	0.00	0.00		0.0	0.0
18.01.01-12.34.31	0.0	21.26	21.56	5.37	12.09	295.6	0.51	0.00	21.43	0.00	0.02		0.0	0.0
18.01.01-12.34.33	0.0	21.26	21.56	5.38	12.09	295.6	0.50	0.00	21.42	0.01	0.05		0.0	0.0
18.01.01-12.34.35	0.0	21.27	21.56	5.38	12.09	295.6	0.49	0.00	21.42	0.00	0.00		0.0	0.0
18.01.01-12.34.37	0.0	21.26	21.56	5.39	12.09	295.6	0.48	0.00	21.42	0.02	0.05		0.0	0.0
18.01.01-12.34.39	0.0	21.26	21.55	5.39	12.09	295.6	0.47	0.00	21.42	0.00	0.01		0.0	0.0
18.01.01-12.34.41	0.0	21.26	21.55	5.39	12.09	295.6	0.46	0.00	21.41	0.00	0.00		0.0	0.0
18.01.01-12.34.43	0.0	21.27	21.55	5.40	12.09	295.6	0.45	0.00	21.41	0.02	0.05		0.0	0.0
18.01.01-12.34.45	0.0	21.26	21.55	5.39	12.09	295.6	0.44	0.00	21.41	0.02	0.06		0.0	0.0
18.01.01-12.34.47	0.0	21.26	21.55	5.39	12.09	295.6	0.44	0.00	21.41	0.02	0.06		0.0	0.0
18.01.01-12.34.49	0.0	21.28	21.55	5.39	12.09	295.6	0.43	0.00	21.40	0.00	0.00		0.0	0.0
18.01.01-12.34.51	0.0	21.27	21.55	5.39	12.09	295.6	0.42	0.00	21.40	0.00	0.00		0.0	0.0
18.01.01-12.34.53	0.0	21.27	21.55	5.38	12.09	295.6	0.42	0.00	21.40	0.01	0.07		0.0	0.0
18.01.01-12.34.55	0.0	21.27	21.56	5.39	12.09	295.6	0.41	0.00	21.40	0.02	0.05		0.0	0.0
18.01.01-12.34.57	0.0	21.27	21.55	5.38	12.09	295.6	0.40	0.00	21.40	0.00	0.01		0.0	0.0
18.01.01-12.34.59	0.0	21.26	21.55	5.39	12.09	295.6	0.39	0.00	21.39	0.01	0.05		0.0	0.0
18.01.01-12.35.01	0.0	21.27	21.55	5.39	12.09	295.6	0.38	0.00	21.39	0.02	0.05		0.0	0.0
18.01.01-12.35.03	0.0	21.27	21.55	5.38	12.09	295.6	0.38	0.00	21.39	0.00	0.01		0.0	0.0
18.01.01-12.35.05	0.0	21.28	21.55	5.39	12.09	295.6	0.37	0.00	21.39	0.02	0.06		0.0	0.0
18.01.01-12.35.07	0.0	21.26	21.55	5.39	12.09	295.6	0.36	0.00	21.38	0.01	0.07		0.0	0.0
18.01.01-12.35.09	0.0	21.26	21.55	5.38	12.09	295.6	0.35	0.00	21.38	0.00	0.00		0.0	0.0
18.01.01-12.35.11	0.0	21.26	21.55	5.38	12.09	295.6	0.35	0.00	21.38	0.00	0.00		0.0	0.0
18.01.01-12.35.13	0.0	21.26	21.55	5.41	12.09	295.6	0.35	0.00	21.38	0.00	0.00		0.0	0.0
18.01.01-12.35.15	0.0	21.28	21.55	5.39	12.09	295.6	0.34	0.00	21.38	0.01	0.06		0.0	0.0
18.01.01-12.35.17	0.0	21.28	21.55	5.37	12.09	295.6	0.34	0.00	21.38	0.03	0.07		0.0	0.0
18.01.01-12.35.19	0.0	21.28	21.55	5.38	12.09	295.6	0.33	0.00	21.38	0.00	0.00		0.0	0.0
18.01.01-12.35.21	0.0	21.28	21.55	5.39	12.09	295.6	0.32	0.00	21.37	0.00	0.00		0.0	0.0
18.01.01-12.35.23	0.0	21.28	21.55	5.38	12.09	295.6	0.32	0.00	21.37	0.00	0.00		0.0	0.0
18.01.01-12.35.25	0.0	21.28	21.55	5.38	12.09	295.6	0.31	0.00	21.37	0.02	0.05		0.0	0.0
18.01.01-12.35.27	0.0	21.27	21.55	5.38	12.09	295.6	0.31	0.00	21.37	0.00	0.00		0.0	0.0
18.01.01-12.35.29	0.0	21.27	21.55	5.38	12.09	295.6	0.30	0.00	21.37	0.00	0.01		0.0	0.0
18.01.01-12.35.31	0.0	21.27	21.55	5.38	12.09	295.6	0.30	0.00	21.37	0.00	0.00		0.0	0.0
18.01.01-12.35.33	0.0	21.27	21.55	5.38	12.09	295.6	0.30	0.00	21.37	0.00	0.00		0.0	0.0
18.01.01-12.35.35	0.0	21.28	21.55	5.38	12.09	295.6	0.29	0.00	21.36	0.02	0.05		0.0	0.0
18.01.01-12.35.37	0.0	21.27	21.55	5.37	12.09	295.6	0.28	0.00	21.36	0.02	0.06		0.0	0.0
18.01.01-12.35.39	0.0	21.27	21.55	5.38	12.09	295.6	0.28	0.00	21.36	0.00	0.00		0.0	0.0
18.01.01-12.35.41	0.0	21.27	21.55	5.39	12.09	295.6	0.28	0.00	21.36	0.00	0.03		0.0	0.0
18.01.01-12.35.43	0.0	21.27	21.55	5.39	12.09	295.6	0.27	0.00	21.36	0.02	0.07		0.0	0.0
18.01.01-12.35.45	0.0	21.28	21.55	5.38	12.09	295.6	0.27	0.00	21.36	0.00	0.01		0.0	0.0
18.01.01-12.35.47	0.0	21.28	21.55	5.39	12.09	295.6	0.26	0.00	21.36	0.01	0.05		0.0	0.0
18.01.01-12.35.49	0.0	21.28	21.55	5.37	12.09	295.6	0.26	0.00	21.36	0.00	0.02		0.0	0.0
18.01.01-12.35.51	0.0	21.27	21.54	5.37	12.09	295.6	0.25	0.00	21.35	0.00	0.00		0.0	0.0
18.01.01-12.35.53	0.0	21.29	21.54	5.37	12.09	295.6	0.25	0.00	21.35	0.01	0.07		0.0	0.0
18.01.01-12.35.55	0.0	21.29	21.54	5.37	12.09	295.6	0.25	0.00	21.35	0.01	0.07		0.0	0.0
18.01.01-12.35.57	0.0	21.27	21.54	5.38	12.09	295.6	0.25	0.00	21.35	0.01	0.04		0.0	0.0
18.01.01-12.35.59	0.0	21.29	21.54	5.39	12.09	295.6	0.24	0.00	21.35	0.00	0.00		0.0	0.0
18.01.01-12.36.01	0.0	21.28	21.54	5.40	12.09	295.6	0.24	0.00	21.35	0.00	0.05		0.0	0.0
18.01.01-12.36.03	0.0	21.28	21.54	5.38	12.09	295.6	0.24	0.00	21.35	0.03	0.06		0.0	0.0
18.01.01-12.36.05	0.0	21.28	21.54	5.39	12.09	295.6	0.23	0.00	21.35	0.00	0.00		0.0	0.0
18.01.01-12.36.07	0.0	21.28	21.54	5.39	12.09	295.6	0.23	0.00	21.35	0.00	0.01		0.0	0.0
18.01.01-12.36.09	0.0	21.28	21.54	5.38	12.09	295.6	0.22	0.00	21.35	0.01	0.05		0.0	0.0
18.01.01-12.36.11	0.0	21.28	21.54	5.39	12.09	295.6	0.22	0.00	21.35	0.01	0.05		0.0	0.0
18.01.01-12.36.13	0.0	21.28	21.54	5.39	12.09	295.6	0.22	0.00	21.35	0.00	0.00		0.0	0.0
18.01.01-12.36.15	0.0	21.28	21.54	5.39	12.09	295.6	0.21	0.00	21.34	0.00	0.01		0.0	0.0
18.01.01-12.36.17	0.0	21.30	21.54	5.39	12.09	295.6	0.21	0.00	21.34	0.00	0.00		0.0	0.0
18.01.01-12.36.19	0.0	21.30	21.54	5.39	12.09	295.6	0.21	0.00	21.34	0.00	0.00		0.0	0.0
18.01.01-12.36.21	0.0	21.29	21.54	5.40	12.09	295.6	0.21	0.00	21.34	0.02	0.06		0.0	0.0
18.01.01-12.36.23	0.0	21.30	21.54	5.39	12.09	295.6	0.21	0.00	21.34	0.00	0.00		0.0	0.0
18.01.01-12.36.25	0.0	21.30	21.54	5.38	12.09	295.6	0.20	0.00	21.34	0.00	0.00		0.0	0.0
18.01.01-12.36.27	0.0	21.28	21.54	5.38	12.09	295.6	0.20	0.00	21.34	0.01	0.05		0.0	0.0
18.01.01-12.36.29	0.0	21.28	21.54	5.38	12.09	295.6	0.20	0.00	21.34	0.00	0.03		0.0	0.0
18.01.01-12.36.31	0.0	21.29	21.54	5.40	12.09	295.6	0.19	0.00	21.34	0.00	0.00		0.0	0.0
18.01.01-12.36.33	0.0	21.28	21.54	5.39	12.09	295.6	0.19	0.00	21.34	0.01	0.06		0.0	0.0
18.01.01-12.36.35	0.0	21.29	21.54	5.38	12.09	295.6	0.19	0.00	21.34	0.03	0.06		0.0	0.0
18.01.01-12.36.37	0.0	21.29	21.54	5.38	12.09	295.6	0.19	0.00	21.34	0.00	0.01		0.0	0.0
18.01.01-12.36.39	0.0	21.28	21.54	5.39	12.09	295.6	0.19	0.00	21.34	0.00	0.00		0.0	0.0
18.01.01-12.36.41	0.0	21.28	21.54	5.39	12.09	295.6	0.19	0.00	21.34	0.00	0.00		0.0	0.0
18.01.01-12.36.43	0.0	21.27	21.54	5.39	12.09	295.6	0.18	0.00	21.33	0.01	0.06		0.0	0.0
18.01.01-12.36.45	0.0	21.29	21.54	5.38	12.09	295.6	0.18	0.00	21.33	0.00	0.00		0.0	0.0
18.01.01-12.36.47	0.0	21.28	21.54	5.39	12.09	295.6	0.18	0.00	21.33	0.00	0.00		0.0	0.0
18.01.01-12.36.49	0.0	21.27	21.54	5.39	12.09	295.6	0.18	0.00	21.33	0.01	0.05		0.0	0.0
18.01.01-12.36.51	0.0	21.28	21.53	5.39	12.09	295.6	0.17	0.00	21.33	0.00	0.00		0.0	0.0
18.01.01-12.36.53	0.0	21.29	21.54	5.39	12.09	295.6	0.17	0.00	21.33	0.00	0.00		0.0	0.0
18.01.01-12.36.55	0.0	21.28	21.54	5.39	12.09	295.6	0.17	0.00	21.33	0.01	0.06		0.0	0.0
18.01.01-12.36.57	0.0	21.27	21.54	5.39	12.09	295.6	0.17	0.00	21.33	0.00	0.00		0.0	0.0
18.01.01-12.36.59	0.0	21.28	21.54	5.38	12.09	295.6	0.17	0.00	21.33	0.00	0.00		0.0	0.0
18.01.01-12.37.01	0.0	21.29	21.54	5.38	12.09	295.6	0.17	0.00	21.33	0.00	0.00		0.0	0.0
18.01.01-12.37.03	0.0	21.29	21.54	5.38	12.09	295.6	0.17	0.00	21.33	0.00	0.00		0.0	0.0
18.01.01-12.37.05	0.0	21.28	21.54	5.39	12.09	295.6	0.16	0.00	21.33	0.03	0.08		0.0	0.0
18.01.01-12.37.07	0.0	21.29	21.53	5.39	12.09	295.6	0.16	0.00	21.33	0.01	0.06		0.0	0.0
18.01.01-12.37.09	0.0	21.30	21.53	5.39	12.09	295.6	0.16	0.00	21.33	0.00	0.00		0.0	0.0
18.01.01-12.37.11	0.0	21.28	21.53	5.35	12.09	295.6	0.16	0.00	21.33	0.00	0.01		0.0	0.0
18.01.01-12.37.13	0.0	21.29	21.53	5.38	12.09	295.6	0.16	0.00	21.33	0.02	0.06		0.0	0.0
18.01.01-12.37.15	0.0	21.29	21.54	5.38	12.09	295.6	0.16	0.00	21.33	0.02	0.06		0.0	0.0
18.01.01-12.37.17	0.0	21.28	21.53	5.31	12.09	295.6	0.15	0.00	21.33	0.00	0.02		0.0	0.0
18.01.01-12.37.19	0.0	21.28	21.53	5.27	12.09	295.6	0.15	0.00	21.33	0.02	0.06		0.0	0.0
18.01.01-12.37.21	0.0	21.28	21.53	5.17	12.09	295.6	0.15	0.00	21.33	0.02	0.06		0.0	0.0
18.01.01-12.37.23	0.0	21.29	21.53	5.08	12.09	295.6	0.15	0.00	21.33	0.00	0.00		0.0	0.0
18.01.01-12.37.25	0.0	21.28	21.53	5.04	12.09	295.6	0.15	0.00	21.33	0.00	0.00		0.0	0.0
18.01.01-12.37.27	0.0	21.28	21.53	5.04	12.09	295.6	0.15	0.00	21.33	0.00	0.00		0.0	0.0
18.01.01-12.37.29	0.0	21.29	21.53	4.95	12.09	295.6	0.15	0.00	21.33	0.01	0.05		0.0	0.0
18.01.01-12.37.31	0.0	21.30	21.53	4.91	12.09	295.6	0.15	0.00	21.33	0.00	0.01		0.0	0.0
18.01.01-12.37.33	0.0	21.30	21.53	4.81	12.09	295.6	0.15	0.00	21.33	0.00	0.00		0.0	0.0
18.01.01-12.37.35	0.0	21.30	21.53	4.75	12.09	295.6	0.14	0.00	21.33	0.00	0.03		0.0	0.0
18.01.01-12.37.37	0.0	21.30	21.53	4.63	12.09	295.6	0.14	0.00	21.33	0.02	0.06		0.0	0.0
18.01.01-12.37.39	0.0	21.30	21.53	4.57	12.09	295.6	0.14	0.00	21.33	0.00	0.00		0.0	0.0
18.01.01-12.37.41	0.0	21.31	21.53	4.45	12.09	295.6	0.14	0.00	21.33	0.02	0.06		0.0	0.0
18.01.01-12.37.43	0.0	21.29	21.53	4.39	12.09	295.6	0.14	0.00	21.33	0.00	0.04		0.0	0.0
18.01.01-12.37.45	0.0	21.30	21.53	4.26	12.09	295.6	0.14	0.00	21.33	0.00	0.00		0.0	0.0
18.01.01-12.37.47	0.0	21.30	21.53	4.20	12.09	295.6	0.14	0.00	21.33	0.01	0.05		0.0	0.0
18.01.01-12.37.49	0.0	21.30	21.53	4.20	12.09	295.6	0.14	0.00	21.33	0.01	0.05		0.0	0.0
18.01.01-12.37.51	0.0	21.30	21.53	4.07	12.09	295.6	0.14	0.00	21.33	0.00	0.02		0.0	0.0
18.01.01-12.37.53	0.0	21.30	21.53	4.01	12.09	295.6	0.14	0.00	21.33	0.00	0.00		0.0	0.0
18.01.01-12.37.55	0.0	21.29	21.53	3.89	12.09	295.6	0.13	0.00	21.33	0.01	0.05		0.0	0.0
18.01.01-12.37.57	0.0	21.29	21.53	3.83	12.09	295.6	0.13	0.00	21.33	0.00	0.02		0.0	0.0
18.01.01-12.37.59	0.0	21.30	21.53	3.70	12.09	295.6	0.13	0.00	21.33	0.00	0.00		0.0	0.0
18.01.01-12.38.01	0.0	21.29	21.53	3.63	12.09	295.6	0.13	0.00	21.33	0.01	0.06		0.0	0.0
18.01.01-12.38.03	0.0	21.28	21.53	3.51	12.09	295.6	0.13	0.00	21.33	0.00	0.01		0.0	0.0
18.01.01-12.38.05	0.0	21.29	21.53	3.44	12.09	295.6	0.13	0.00	21.32	0.00	0.00		0.0	0.0
18.01.01-12.38.07	0.0	21.29	21.53	3.31	12.09	295.6	0.13	0.00	21.32	0.01	0.05		0.0	0.0
18.01.01-12.38.09	0.0	21.29	21.53	3.25	12.09	295.6	0.13	0.00	21.32	0.00	0.01		0.0	0.0
18.01.01-12.38.11	0.0	21.29	21.53	3.25	12.09	295.6	0.13	0.00	21.32	0.00	0.01		0.0	0.0
18.01.01-12.38.13	0.0	21.30	21.53	3.13	12.09	295.6	0.13	0.00	21.32	0.00	0.00		0.0	0.0
18.01.01-12.38.15	0.0	21.30	21.53	3.08	12.09	295.6	0.13	0.00	21.32	0.00	0.05		0.0	0.0
18.01.01-12.38.17	0.0	21.30	21.53	2.96	12.09	295.6	0.13	0.00	21.32	0.01	0.05		0.0	0.0
18.01.01-12.38.19	0.0	21.30	21.53	2.89	12.09	295.6	0.13	0.00	21.32	0.00	0.00		0.0	0.0
18.01.01-12.38.21	0.0	21.30	21.53	2.78	12.09	295.6	0.13	0.00	21.32	0.00	0.00		0.0	0.0
18.01.01-12.38.23	0.0	21.31	21.53	2.69	12.09	295.6	0.13	0.00	21.32	0.01	0.05		0.0	0.0
18.01.01-12.38.25	0.0	21.32	21.53	2.60	12.09	295.6	0.12	0.00	21.32	0.02	0.06		0.0	0.0
18.01.01-12.38.27	0.0	21.31	21.53	2.50	12.09	295.6	0.12	0.00	21.32	0.01	0.05		0.0	0.0
18.01.01-12.38.29	0.0	21.31	21.53	2.43	12.09	295.6	0.12	0.00	21.32	0.00	0.01		0.0	0.0
18.01.01-12.38.31	0.0	21.31	21.53	2.31	12.09	295.6	0.12	0.00	21.32	0.00	0.00		0.0	0.0
18.01.01-12.38.33	0.0	21.31	21.53	2.31	12.09	295.6	0.12	0.00	21.32	0.00	0.00		0.0	0.0
18.01.01-12.38.35	0.0	21.32	21.52	2.25	12.09	295.6	0.12	0.00	21.32	0.02	0.06		0.0	0.0
18.01.01-12.38.37	0.0	21.32	21.52	2.14	12.09	295.6	0.12	0.00	21.32	0.00	0.00		0.0	0.0
18.01.01-12.38.39	0.0	21.33	21.53	2.09	12.09	295.6	0.12	0.00	21.32	0.00	0.00		0.0	0.0
18.01.01-12.38.41	0.0	21.33	21.53	1.97	12.09	295.6	0.12	0.00	21.32	0.03	0.07		0.0	0.0
18.01.01-12.38.43	0.0	21.33	21.53	1.91	12.09	295.6	0.12	0.00	21.32	0.02	0.06		0.0	0.0
18.01.01-12.38.45	0.0	21.33	21.52	1.81	12.09	295.6	0.12	0.00	21.32	0.00	0.00		0.0	0.0
18.01.01-12.38.47	0.0	21.34	21.53	1.75	12.09	295.6	0.12	0.00	21.32	0.00	0.02		0.0	0.0
18.01.01-12.38.49	0.0	21.33	21.53	1.63	12.09	295.6	0.12	0.00	21.32	0.03	0.06		0.0	0.0
18.01.01-12.38.51	0.0	21.33	21.53	1.57	12.09	295.6	0.12	0.00	21.32	0.01	0.06		0.0	0.0
18.01.01-12.38.53	0.0	21.32	21.53	1.46	12.09	295.6	0.12	0.00	21.32	0.02	0.06		0.0	0.0
18.01.01-12.38.55	0.0	21.31	21.53	1.40	12.09	295.6	0.12	0.00	21.32	0.00	0.01		0.0	0.0
18.01.01-12.38.57	0.0	21.31	21.53	1.40	12.09	295.6	0.12	0.00	21.32	0.00	0.01		0.0	0.0
18.01.01-12.38.59	0.0	21.31	21.52	1.28	12.09	295.6	0.12	0.00	21.32	0.00	0.00		0.0	0.0
18.01.01-12.39.01	0.0	21.31	21.52	1.23	12.09	295.6	0.12	0.00	21.32	0.01	0.06		0.0	0.0
18.01.01-12.39.03	0.0	21.30	21.53	1.12	12.09	295.6	0.12	0.00	21.32	0.02	0.05		0.0	0.0
18.01.01-12.39.05	0.0	21.29	21.52	1.06	12.09	295.6	0.12	0.00	21.32	0.00	0.00		0.0	0.0
18.01.01-12.39.07	0.0	21.29	21.52	0.96	12.09	295.6	0.11	0.00	21.31	0.00	0.00		0.0	0.0
18.01.01-12.39.09	0.0	21.28	21.52	0.89	12.09	295.6	0.11	0.00	21.31	0.00	0.05		0.0	0.0
18.01.01-12.39.11	0.0	21.26	21.52	0.82	12.09	295.6	0.11	0.00	21.31	0.00	0.05		0.0	0.0
18.01.01-12.39.13	0.0	21.26	21.52	0.75	12.09	295.6	0.11	0.00	21.31	0.00	0.00		0.0	0.0
18.01.01-12.39.15	0.0	21.26	21.52	0.74	12.09	295.6	0.11	0.00	21.31	0.00	0.00		0.0	0.0
18.01.01-12.39.17	0.0	21.25	21.52	0.72	12.09	295.6	0.11	0.00	21.31	0.00	0.00		0.0	0.0
18.01.01-12.39.19	0.0	21.25	21.53	0.72	12.09	295.6	0.11	0.00	21.31	0.00	0.00		0.0	0.0
18.01.01-12.39.21	0.0	21.25	21.53	0.72	12.09	295.6	0.11	0.00	21.31	0.00	0.00		0.0	0.0
18.01.01-12.39.23	0.0	21.26	21.53	2.15	12.09	295.6	0.11	0.00	21.31	0.02	0.06		0.0	0.0
18.01.01-12.39.25	0.0	21.25	21.53	4.96	12.09	295.6	0.11	0.00	21.31	0.00	0.00		0.0	0.0
18.01.01-12.39.27	0.0	21.25	21.52	5.46	12.09	295.6	0.11	0.00	21.31	0.00	0.00		0.0	0.0
18.01.01-12.39.29	0.0	21.25	21.52	5.49	12.09	295.6	0.11	0.00	21.31	0.01	0.06		0.0	0.0
18.01.01-12.39.31	0.0	21.25	21.52	5.50	12.09	295.6	0.11	0.00	21.31	0.00	0.00		0.0	0.0
18.01.01-12.39.33	0.0	21.25	21.52	5.51	12.09	295.6	0.11	0.00	21.31	0.00	0.02		0.0	0.0
18.01.01-12.39.35	0.0	21.25	21.52	5.51	12.09	295.6	0.11	0.00	21.31	0.01	0.06		0.0	0.0
18.01.01-12.39.37	0.0	21.26	21.52	5.52	12.09	295.6	0.11	0.00	21.31	0.02	0.06		0.0	0.0
18.01.01-12.39.39	0.0	21.25	21.52	5.52	12.09	295.6	0.11	0.00	21.31	0.00	0.03		0.0	0.0
18.01.01-12.39.41	0.0	21.26	21.52	5.52	12.09	295.6	0.11	0.00	21.31	0.00	0.00		0.0	0.0
18.01.01-12.39.43	0.0	21.26	21.52	5.52	12.09	295.6	0.11	0.00	21.31	0.00	0.00		0.0	0.0
18.01.01-12.39.45	0.0	21.26	21.52	5.52	12.09	295.6	0.11	0.00	21.31	0.01	0.06		0.0	0.0
18.01.01-12.39.47	0.0	21.26	21.52	5.51	12.09	295.6	0.11	0.00	21.31	0.00	0.00		0.0	0.0
18.01.01-12.39.49	0.0	21.26	21.52	5.52	12.09	295.6	0.11	0.00	21.31	0.00	0.00		0.0	0.0
18.01.01-12.39.51	0.0	21.26	21.52	5.52	12.09	295.6	0.11	0.00	21.31	0.03	0.07		0.0	0.0
18.01.01-12.39.53	0.0	21.26	21.52	5.51	12.09	295.6	0.11	0.00	21.31	0.01	0.04		0.0	0.0
18.01.01-12.39.55	0.0	21.25	21.52	5.52	12.09	295.6	0.11	0.00	21.31	0.00	0.00		0.0	0.0
18.01.01-12.39.57	0.0	21.26	21.52	5.52	12.09	295.6	0.11	0.00	21.31	0.00	0.01		0.0	0.0
18.01.01-12.39.59	0.0	21.26	21.52	5.52	12.09	295.6	0.11	0.00	21.31	0.02	0.07		0.0	0.0
18.01.01-12.40.01	0.0	21.26	21.52	5.53	12.09	295.6	0.11	0.00	21.31	0.01	0.05		0.0	0.0
18.01.01-12.40.03	0.0	21.26	21.52	5.53	12.09	295.6	0.11	0.00	21.31	0.00	0.05		0.0	0.0
18.01.01-12.40.05	0.0	21.26	21.52	5.52	12.09	295.6	0.11	0.00	21.31	0.00	0.01		0.0	0.0
18.01.01-12.40.07	0.0	21.26	21.52	5.52	12.09	295.6	0.11	0.00	21.31	0.00	0.01		0.0	0.0
18.01.01-12.40.09	0.0	21.26	21.52	5.53	12.09	295.6	0.11	0.00	21.31	0.00	0.00		0.0	0.0
18.01.01-12.40.11	0.0	21.26	21.52	5.53	12.09	295.6	0.11	0.00	21.31	0.01	0.06		0.0	0.0
18.01.01-12.40.13	0.0	21.26	21.52	5.53	12.09	295.6	0.11	0.00	21.31	0.00	0.00		0.0	0.0
18.01.01-12.40.15	0.0	21.26	21.51	5.52	12.09	295.6	0.11	0.00	21.31	0.00	0.00		0.0	0.0
18.01.01-12.40.17	0.0	21.26	21.51	5.53	12.09	295.6	0.11	0.00	21.31	0.02	0.05		0.0	0.0
18.01.01-12.40.19	0.0	21.26	21.52	5.52	12.09	295.6	0.11	0.00	21.31	0.00	0.00		0.0	0.0
18.01.01-12.40.21	0.0	21.26	21.52	5.53	12.09	295.6	0.11	0.00	21.31	0.00	0.00		0.0	0.0
18.01.01-12.40.23	0.0	21.26	21.52	5.52	12.09	295.6	0.11	0.00	21.31	0.03	0.08		0.0	0.0
18.01.01-12.40.25	0.0	21.26	21.51	5.52	12.09	295.6	0.10	0.00	21.31	0.01	0.05		0.0	0.0
18.01.01-12.40.27	0.0	21.27	21.51	5.52	12.09	295.6	0.10	0.00	21.31	0.00	0.00		0.0	0.0
18.01.01-12.40.29	0.0	21.27	21.51	5.52	12.09	295.6	0.10	0.00	21.31	0.00	0.00		0.0	0.0
18.01.01-12.40.31	0.0	21.26	21.52	5.53	12.09	295.6	0.10	0.00	21.31	0.00	0.00		0.0	0.0
18.01.01-12.40.33	0.0	21.26	21.52	5.52	12.09	295.6	0.10	0.00	21.31	0.03	0.06		0.0	0.0
18.01.01-12.40.35	0.0	21.25	21.51	5.53	12.09	295.6	0.10	0.00	21.31	0.00	0.00		0.0	0.0
18.01.01-12.40.37	0.0	21.26	21.51	5.53	12.09	295.6	0.10	0.00	21.31	0.00	0.00		0.0	0.0
18.01.01-12.40.39	0.0	21.26	21.51	5.53	12.09	295.6	0.10	0.00	21.31	0.00	0.05		0.0	0.0
18.01.01-12.40.41	0.0	21.26	21.52	5.52	12.09	295.6	0.10	0.00	21.31	0.02	0.06		0.0	0.0
18.01.01-12.40.43	0.0	21.27	21.52	5.52	12.09	295.6	0.10	0.00	21.31	0.01	0.06		0.0	0.0
18.01.01-12.40.45	0.0	21.26	21.52	5.53	12.09	295.6	0.10	0.00	21.31	0.00	0.00		0.0	0.0
18.01.01-12.40.47	0.0	21.26	21.52	5.53	12.09	295.6	0.10	0.00	21.31	0.00	0.00		0.0	0.0
18.01.01-12.40.49	0.0	21.26	21.51	5.52	12.09	295.6	0.10	0.00	21.31	0.00	0.03		0.0	0.0
18.01.01-12.40.51	0.0	21.26	21.51	5.52	12.09	295.6	0.10	0.00	21.31	0.00	0.03		0.0	0.0
18.01.01-12.40.53	0.0	21.26	21.51	5.53	12.09	295.6	0.10	0.00	21.31	0.02	0.06		0.0	0.0
18.01.01-12.40.55	0.0	21.27	21.51	5.52	12.09	295.6	0.10	0.00	21.31	0.00	0.00		0.0	0.0
18.01.01-12.40.57	0.0	21.26	21.51	5.52	12.09	295.6	0.10	0.00	21.31	0.00	0.00		0.0	0.0
18.01.01-12.40.59	0.0	21.26	21.51	5.52	12.09	295.6	0.10	0.00	21.31	0.01	0.05		0.0	0.0
18.01.01-12.41.01	0.0	21.25	21.51	5.53	12.09	295.6	0.10	0.00	21.31	0.00	0.00		0.0	0.0
18.01.01-12.41.03	0.0	21.26	21.52	5.52	12.09	295.6	0.10	0.00	21.31	0.00	0.00		0.0	0.0
18.01.01-12.41.05	0.0	21.26	21.51	5.53	12.09	295.6	0.10	0.00	21.31	0.01	0.06		0.0	0.0
18.01.01-12.41.07	0.0	21.25	21.51	5.53	12.09	295.6	0.10	0.00	21.31	0.00	0.00		0.0	0.0
18.01.01-12.41.09	0.0	21.26	21.51	5.53	12.09	295.6	0.10	0.00	21.31	0.00	0.00		0.0	0.0
18.01.01-12.41.11	0.0	21.25	21.51	5.53	12.09	295.6	0.10	0.00	21.31	0.01	0.06		0.0	0.0
18.01.01-12.41.13	0.0	21.26	21.51	5.53	12.09	295.6	0.10	0.00	21.31	0.00	0.00		0.0	0.0
18.01.01-12.41.15	0.0	21.26	21.51	5.53	12.09	295.6	0.10	0.00	21.31	0.00	0.00		0.0	0.0
18.01.01-12.41.17	0.0	21.25	21.51	5.53	12.09	295.6	0.10	0.00	21.31	0.00	0.01		0.0	0.0
18.01.01-12.41.19	0.0	21.25	21.51	5.53	12.09	295.6	0.10	0.00	21.31	0.03	0.07		0.0	0.0
18.01.01-12.41.21	0.0	21.25	21.51	5.53	12.09	295.6	0.10	0.00	21.31	0.01	0.06		0.0	0.0
18.01.01-12.41.23	0.0	21.25	21.51	5.53	12.09	295.6	0.10	0.00	21.31	0.00	0.00		0.0	0.0
18.01.01-12.41.25	0.0	21.25	21.51	5.53	12.09	295.6	0.10	0.00	21.31	0.00	0.00		0.0	0.0
18.01.01-12.41.27	0.0	21.26	21.51	5.53	12.09	295.6	0.10	0.00	21.31	0.01	0.06		0.0	0.0
18.01.01-12.41.29	0.0	21.25	21.51	5.53	12.09	295.6	0.10	0.00	21.31	0.02	0.06		0.0	0.0
18.01.01-12.41.31	0.0	21.27	21.51	5.53	12.09	295.6	0.10	0.00	21.31	0.00	0.00		0.0	0.0
18.01.01-12.41.33	0.0	21.26	21.51	5.53	12.09	295.6	0.10	0.00	21.31	0.00	0.02		0.0	0.0
18.01.01-12.41.35	0.0	21.27	21.51	5.53	12.09	295.6	0.10	0.00	21.31	0.03	0.06		0.0	0.0
18.01.01-12.41.37	0.0	21.27	21.51	5.53	12.09	295.6	0.10	0.00	21.31	0.03	0.06		0.0	0.0
18.01.01-12.41.39	0.0	21.26	21.51	5.53	12.09	295.6	0.10	0.00	21.31	0.00	0.01		0.0	0.0
18.01.01-12.41.41	0.0	21.25	21.51	5.53	12.09	295.6	0.10	0.00	21.31	0.00	0.00		0.0	0.0
18.01.01-12.41.43	0.0	21.26	21.51	5.53	12.09	295.6	0.10	0.00	21.31	0.00	0.05		0.0	0.0
18.01.01-12.41.45	0.0	21.26	21.51	5.53	12.09	295.6	0.10	0.00	21.31	0.02	0.06		0.0	0.0
18.01.01-12.41.47	0.0	21.26	21.51	5.53	12.09	295.6	0.10	0.00	21.31	0.00	0.00		0.0	0.0
18.01.01-12.41.49	0.0	21.27	21.51	5.53	12.09	295.6	0.10	0.00	21.31	0.03	0.05		0.0	0.0
18.01.01-12.41.51	0.0	21.26	21.51	5.53	12.09	295.6	0.10	0.00	21.31	0.01	0.04		0.0	0.0
18.01.01-12.41.53	0.0	21.26	21.51	5.53	12.09	295.6	0.10	0.00	21.31	0.00	0.00		0.0	0.0
18.01.01-12.41.55	0.0	21.27	21.50	5.53	12.09	295.6	0.10	0.00	21.31	0.02	0.07		0.0	0.0
18.01.01-12.41.57	0.0	21.26	21.50	5.53	12.09	295.6	0.10	0.00	21.31	0.00	0.03		0.0	0.0
18.01.01-12.41.59	0.0	21.26	21.50	5.53	12.09	295.6	0.10	0.00	21.31	0.00	0.03		0.0	0.0
18.01.01-12.42.01	0.0	21.27	21.51	5.53	12.09	295.6	0.10	0.00	21.31	0.00	0.00		0.0	0.0
18.01.01-12.42.03	0.0	21.27	21.51	5.50	12.09	295.6	0.10	0.00	21.31	0.02	0.07		0.0	0.0
18.01.01-12.42.05	0.0	21.26	21.51	5.45	12.09	295.6	0.10	0.00	21.31	0.01	0.06		0.0	0.0
18.01.01-12.42.07	0.0	21.28	21.50	5.39	12.09	295.6	0.10	0.00	21.31	0.00	0.00		0.0	0.0
18.01.01-12.42.09	0.0	21.27	21.50	5.36	12.09	295.6	0.10	0.01	21.31	0.00	0.02		0.0	0.0
18.01.01-12.42.11	0.0	21.29	21.51	5.31	12.09	295.6	0.10	0.01	21.31	0.00	0.02		0.0	0.0
18.01.01-12.42.13	0.0	21.29	21.51	5.24	12.09	295.6	0.10	0.01	21.31	0.00	0.02		0.0	0.0
18.01.01-12.42.15	0.0	21.27	21.50	5.19	12.09	295.6	0.10	0.01	21.31	0.00	0.02		0.0	0.0
18.01.01-12.42.17	0.0	21.27	21.50	5.09	12.09	295.6	0.10	0.01	21.31	0.00	0.02		0.0	0.0
18.01.01-12.42.19	0.0	21.28	21.50	5.03	12.09	295.6	0.10	0.00	21.31	0.32	0.11		0.0	0.0
18.01.01-12.42.21	0.0	21.28	21.50	5.03	12.09	295.6	0.10	0.00	21.31	0.32	0.11		0.0	0.0
18.01.01-12.42.23	0.0	21.27	21.50	4.91	12.09	295.6	0.10	0.00	21.31	0.00	0.00		0.0	0.0
18.01.01-12.42.25	0.0	21.28	21.50	4.84	12.09	295.6	0.10	0.00	21.31	0.00	0.02		0.0	0.0
18.01.01-12.42.27	0.0	21.29	21.50	4.74	12.09	295.6	0.10	0.01	21.31	0.00	0.00		0.0	0.0
18.01.01-12.42.29	0.0	21.28	21.50	4.65	12.09	295.6	0.10	0.01	21.31	0.00	0.02		0.0	0.0
18.01.01-12.42.31	0.0	21.28	21.50	4.56	12.09	295.6	0.10	0.01	21.31	0.00	0.02		0.0	0.0
18.01.01-12.42.33	0.0	21.28	21.50	4.47	12.09	295.6	0.10	0.01	21.31	0.00	0.02		0.0	0.0
18.01.01-12.42.35	0.0	21.28	21.50	4.39	12.09	295.6	0.10	0.01	21.31	0.00	0.02		0.0	0.0
18.01.01-12.42.37	0.0	21.27	21.50	4.27	12.09	295.6	0.10	0.01	21.31	0.00	0.02		0.0	0.0
18.01.01-12.42.39	0.0	21.27	21.50	4.20	12.09	295.6	0.10	0.01	21.31	0.00	0.01		0.0	0.0
18.01.01-12.42.41	0.0	21.28	21.50	4.08	12.09	295.6	0.11	0.01	21.31	0.00	0.01		0.0	0.0
18.01.01-12.42.43	0.0	21.28	21.50	4.03	12.09	295.6	0.11	0.01	21.31	0.00	0.01		0.0	0.0
18.01.01-12.42.45	0.0	21.28	21.50	4.03	12.09	295.6	0.11	0.01	21.31	0.00	0.01		0.0	0.0
18.01.01-12.42.47	0.0	21.29	21.50	3.90	12.09	295.6	0.11	0.01	21.31	0.00	0.01		0.0	0.0
18.01.01-12.42.49	0.0	21.27	21.50	3.84	12.09	295.6	0.11	0.01	21.31	0.00	0.01		0.0	0.0
18.01.01-12.42.51	0.0	21.29	21.50	3.71	12.09	295.6	0.11	0.01	21.31	0.00	0.01		0.0	0.0
18.01.01-12.42.53	0.0	21.28	21.50	3.65	12.09	295.6	0.11	0.01	21.31	0.00	0.01		0.0	0.0
18.01.01-12.42.55	0.0	21.29	21.50	3.53	12.09	295.6	0.11	0.01	21.31	0.00	0.01		0.0	0.0
18.01.01-12.42.57	0.0	21.27	21.50	3.47	12.09	295.6	0.11	0.01	21.31	0.00	0.01		0.0	0.0
18.01.01-12.42.59	0.0	21.28	21.50	3.25	12.09	295.6	0.11	0.01	21.31	0.00	0.01		0.0	0.0
18.01.01-12.43.01	0.0	21.27	21.50	3.29	12.09	295.6	0.11	0.01	21.31	0.00	0.01		0.0	0.0
18.01.01-12.43.03	0.0	21.27	21.50	3.15	12.09	295.6	0.11	0.01	21.31	0.00	0.01		0.0	0.0
18.01.01-12.43.05	0.0	21.28	21.50	3.10	12.09	295.6	0.11	0.01	21.31	0.00	0.01		0.0	0.0
18.01.01-12.43.07	0.0	21.28	21.50	3.10	12.09	295.6	0.11	0.01	21.31	0.00	0.01		0.0	0.0
18.01.01-12.43.09	0.0	21.28	21.50	2.98	12.09	295.6	0.11	0.01	21.31	0.00	0.01		0.0	0.0
18.01.01-12.43.11	0.0	21.27	21.50	2.91	12.09	295.6	0.11	0.01	21.31	0.00	0.01		0.0	0.0
18.01.01-12.43.13	0.0	21.28	21.50	2.79	12.09	295.6	0.11	0.01	21.31	0.00	0.01		0.0	0.0
18.01.01-12.43.15	0.0	21.28	21.50	2.73	12.09	295.6	0.11	0.01	21.31	0.00	0.01		0.0	0.0
18.01.01-12.43.17	0.0	21.27	21.50	2.58	12.09	295.6	0.11	0.01	21.31	0.00	0.01		0.0	0.0
18.01.01-12.43.19	0.0	21.28	21.51	2.50	12.09	295.6	0.11	0.01	21.31	0.00	0.01		0.0	0.0
18.01.01-12.43.21	0.0	21.27	21.51	2.36	12.09	295.6	0.11	0.01	21.31	0.00	0.01		0.0	0.0
18.01.01-12.43.23	0.0	21.29	21.50	2.33	12.09	295.6	0.11	0.01	21.31	0.00	0.01		0.0	0.0
18.01.01-12.43.25	0.0	21.28	21.50	2.22	12.09	295.6	0.11	0.01	21.31	0.00	0.01		0.0	0.0
18.01.01-12.43.27	0.0	21.28	21.50	2.18	12.09	295.6	0.11	0.01	21.31	0.00	0.01		0.0	0.0
18.01.01-12.43.29	0.0	21.28	21.50	2.11	12.09	295.6	0.11	0.01	21.31	0.00	0.01		0.0	0.0
18.01.01-12.43.31	0.0	21.28	21.50	2.11	12.09	295.6	0.11	0.01	21.31	0.00	0.01		0.0	0.0
18.01.01-12.43.33	0.0	21.28	21.50	2.03	12.09	295.6	0.11	0.01	21.31	0.00	0.01		0.0	0.0
18.01.01-12.43.35	0.0	21.28	21.50	1.97	12.09	295.6	0.11	0.01	21.31	0.00	0.01		0.0	0.0
18.01.01-12.43.37	0.0	21.29	21.50	1.86	12.09	295.6	0.11	0.01	21.31	0.00	0.01		0.0	0.0
18.01.01-12.43.39	0.0	21.29	21.49	1.80	12.09	295.6	0.11	0.01	21.31	0.00	0.01		0.0	0.0
18.01.01-12.43.41	0.0	21.29	21.50	1.69	12.09	295.6	0.11	0.01	21.31	0.00	0.01		0.0	0.0
18.01.01-12.43.43	0.0	21.29	21.50	1.63	12.09	295.6	0.11	0.01	21.31	0.00	0.01		0.0	0.0
18.01.01-12.43.45	0.0	21.30	21.50	1.53	12.09	295.6	0.11	0.01	21.31	0.00	0.01		0.0	0.0
18.01.01-12.43.47	0.0	21.30	21.49	1.48	12.09	295.6	0.11	0.01	21.31	0.00	0.01		0.0	0.0
18.01.01-12.43.49	0.0	21.29	21.49	1.37	12.09	295.6	0.11	0.01	21.31	0.00	0.01		0.0	0.0
18.01.01-12.43.51	0.0	21.28	21.49	1.30	12.09	295.6	0.11	0.01	21.31	0.00	0.01		0.0	0.0
18.01.01-12.43.53	0.0	21.28	21.49	1.30	12.09	295.6	0.11	0.01	21.31	0.00	0.01		0.0	0.0
18.01.01-12.43.55	0.0	21.27	21.50	1.20	12.09	295.6	0.11	0.01	21.31	0.00	0.01		0.0	0.0
18.01.01-12.43.57	0.0	21.26	21.49	1.13	12.09	295.6	0.11	0.01	21.31	0.00	0.01		0.0	0.0
18.01.01-12.43.59	0.0	21.25	21.49	1.04	12.09	295.6	0.11	0.01	21.31	0.00	0.01		0.0	0.0
18.01.01-12.44.01	0.0	21.24	21.49	0.96	12.09	295.6	0.11	0.01	21.31	0.00	0.01		0.0	0.0
18.01.01-12.44.03	0.0	21.21	21.49	0.91	12.09	295.6	0.11	0.01	21.31	0.00	0.01		0.0	0.0
18.01.01-12.44.05	0.0	21.20	21.49	0.82	12.09	295.6	0.11	0.01	21.31	0.00	0.01		0.0	0.0
18.01.01-12.44.07	0.0	21.18	21.49	0.76	12.09	295.6	0.11	0.01	21.31	0.00	0.01		0.0	0.0
18.01.01-12.44.09	0.0	21.17	21.49	0.66	12.09	295.6	0.11	0.01	21.31	0.00	0.01		0.0	0.0
18.01.01-12.44.11	0.0	21.12	21.49	0.60	12.09	295.6	0.11	0.01	21.31	0.00	0.01		0.0	0.0
18.01.01-12.44.13	0.0	21.10	21.49	0.50	12.09	295.6	0.11	0.01	21.31	0.00	0.01		0.0	0.0
18.01.01-12.44.15	0.0	21.10	21.49	0.50	12.09	295.6	0.11	0.01	21.31	0.00	0.01		0.0	0.0
18.01.01-12.44.17	0.0	21.07	21.50	0.45	12.09	295.6	0.11	0.01	21.31	0.00	0.01		0.0	0.0
18.01.01-12.44.19	0.0	21.06	21.50	0.34	12.09	295.6	0.11	0.01	21.31	0.00	0.01		0.0	0.0
18.01.01-12.44.21	0.0	21.03	21.49	0.28	12.09	295.6	0.11	0.01	21.31	0.00	0.01		0.0	0.0
18.01.01-12.44.23	0.0	21.00	21.49	0.18	12.09	295.6	0.11	0.01	21.31	0.00	0.01		0.0	0.0
18.01.01-12.44.25	0.0	20.96	21.49	0.12	12.09	295.6	0.11	0.01	21.31	0.00	0.01		0.0	0.0
18.01.01-12.44.27	0.0	20.94	21.49	0.05	12.09	295.6	0.11	0.01	21.31	0.00	0.01		0.0	0.0
18.01.01-12.44.29	0.0	20.93	21.49	0.02	12.09	295.6	0.11	0.01	21.31	0.00	0.01		0.0	0.0
18.01.01-12.44.31	0.0	20.91	21.49	0.00	12.09	295.6	0.11	0.01	21.31	0.00	0.01		0.0	0.0
18.01.01-12.44.33	0.0	20.88	21.49	0.00	12.09	295.6	0.11	0.01	21.31	0.00	0.01		0.0	0.0
18.01.01-12.44.35	0.0	20.87	21.49	0.00	12.09	295.6	0.11	0.01	21.31	0.00	0.01		0.0	0.0
18.01.01-12.44.37	0.0	20.83	21.49	655.34	12.09	295.6	0.11	0.01	21.31	0.00	0.01		0.0	0.0
18.01.01-12.44.39	0.0	20.83	21.49	655.34	12.09	295.6	0.11	0.01	21.31	0.00	0.01		0.0	0.0
18.01.01-12.44.41	0.0	20.79	21.49	654.08	12.09	295.6	0.11	0.01	21.31	0.00	0.01		0.0	0.0
18.01.01-12.44.43	0.0	20.75	21.49	655.33	12.09	295.6	0.11	0.01	21.31	0.00	0.01		0.0	0.0
18.01.01-12.44.45	0.0	20.69	21.49	655.33	12.09	295.6	0.11	0.01	21.31	0.00	0.01		0.0	0.0
18.01.01-12.44.47	0.0	20.63	21.49	655.33	12.09	295.6	0.11	0.01	21.31	0.00	0.01		0.0	0.0
18.01.01-12.44.49	0.0	20.60	21.49	655.33	12.09	295.6	0.11	0.01	21.31	0.00	0.01		0.0	0.0
18.01.01-12.44.51	0.0	20.56	21.49	655.33	12.09	295.6	0.11	0.01	21.31	0.00	0.01		0.0	0.0
18.01.01-12.44.53	0.0	20.54	21.49	655.33	12.09	295.6	0.11	0.01	21.31	0.00	0.01		0.0	0.0
18.01.01-12.44.55	0.0	20.51	21.49	655.33	12.09	295.6	0.11	0.01	21.31	0.00	0.01		0.0	0.0
18.01.01-12.44.57	0.0	20.48	21.49	655.31	12.09	295.6	0.11	0.01	21.31	0.00	0.01		0.0	0.0
18.01.01-12.44.59	0.0	20.47	21.49	655.31	12.09	295.6	0.11	0.01	21.31	0.00	0.01		0.0	0.0
18.01.01-12.45.01	0.0	20.47	21.49	655.31	12.09	295.6	0.11	0.01	21.31	0.00	0.01		0.0	0.0
18.01.01-12.45.03	0.0	20.41	21.49	655.31	12.09	295.6	0.11	0.01	21.31	0.00	0.01		0.0	0.0
18.01.01-12.45.05	0.0	20.38	21.49	655.31	12.09	295.6	0.11	0.01	21.31	0.00	0.01		0.0	0.0
18.01.01-12.45.07	0.0	20.35	21.49	655.31	12.09	295.6	0.11	0.01	21.31	0.00	0.01		0.0	0.0
18.01.01-12.45.09	0.0	20.31	21.49	655.31	12.09	295.6	0.11	0.01	21.31	0.00	0.01		0.0	0.0
18.01.01-12.45.11	0.0	20.28	21.49	655.31	12.09	295.6	0.11	0.01	21.31	0.00	0.01		0.0	0.0
18.01.01-12.45.13	0.0	20.26	21.49	655.31	12.09	295.6	0.11	0.01	21.31	0.00	0.01		0.0	0.0
18.01.01-12.45.15	0.0	20.24	21.48	655.31	12.09	295.6	0.11	0.01	21.31	0.00	0.01		0.0	0.0
18.01.01-12.45.17	0.0	20.24	21.49	655.31	12.09	295.6	0.11	0.01	21.31	0.00	0.01		0.0	0.0
18.01.01-12.45.19	0.0	20.23	21.49	655.31	12.09	295.6	0.11	0.01	21.31	0.00	0.01		0.0	0.0
18.01.01-12.45.21	0.0	20.21	21.49	655.31	12.09	295.6	0.11	0.01	21.31	0.00	0.01		0.0	0.0
18.01.01-12.45.23	0.0	20.21	21.49	655.31	12.09	295.6	0.11	0.01	21.31	0.00	0.01		0.0	0.0
18.01.01-12.45.25	0.0	20.20	21.49	655.30	12.09	295.6	0.11	0.01	21.31	0.00	0.01		0.0	0.0
18.01.01-12.45.27	0.0	20.18	21.48	655.30	12.09	295.6	0.11	0.01	21.31	0.00	0.01		0.0	0.0
18.01.01-12.45.29	0.0	20.15	21.48	655.30	12.09	295.6	0.11	0.01	21.31	0.00	0.01		0.0	0.0
18.01.01-12.45.31	0.0	20.14	21.48	4.83	12.09	295.6	0.11	0.01	21.31	0.00	0.01		0.0	0.0
18.01.01-12.45.33	0.0	20.12	21.49	0.56	12.09	295.6	0.11	0.01	21.31	0.00	0.01		0.0	0.0
18.01.01-12.45.35	0.0	20.11	21.49	0.21	12.09	295.6	0.11	0.01	21.31	0.00	0.01		0.0	0.0
18.01.01-12.45.37	0.0	20.09	21.48	0.04	12.09	295.6	0.11	0.01	21.31	0.00	0.01		0.0	0.0
18.01.01-12.45.39	0.0	20.06	21.48	655.33	12.09	295.6	0.11	0.01	21.31	0.00	0.01		0.0	0.0
18.01.01-12.45.41	0.0	20.03	21.48	655.31	12.09	295.6	0.11	0.01	21.31	0.00	0.01		0.0	0.0
18.01.01-12.45.43	0.0	20.01	21.48	0.02	12.09	295.6	0.11	0.01	21.31	0.00	0.01		0.0	0.0
18.01.01-12.45.45	0.0	20.01	21.48	0.02	12.09	295.6	0.11	0.01	21.31	0.00	0.01		0.0	0.0
18.01.01-12.45.47	0.0	20.00	21.48	0.00	12.09	295.6	0.11	0.01	21.31	0.00	0.01		0.0	0.0
18.01.01-12.45.49	0.0	19.99	21.48	655.31	12.09	295.6	0.11	0.01	21.31	0.00	0.01		0.0	0.0
18.01.01-12.45.51	0.0	19.99	21.48	655.28	12.09	295.6	0.11	0.01	21.31	0.00	0.01		0.0	0.0
18.01.01-12.45.53	0.0	19.98	21.48	655.26	12.09	295.6	0.11	0.01	21.31	0.00	0.01		0.0	0.0
18.01.01-12.45.55	0.0	19.97	21.48	655.25	12.09	295.6	0.11	0.01	21.31	0.00	0.01		0.0	0.0
18.01.01-12.45.57	0.0	19.95	21.48	655.24	12.09	295.6	0.11	0.01	21.31	0.00	0.01		0.0	0.0
18.01.01-12.45.59	0.0	19.95	21.48	655.24	12.09	295.6	0.11	0.01	21.31	0.00	0.01		0.0	0.0
18.01.01-12.46.01	0.0	20.20	21.48	0.34	12.09	295.6	0.11	0.01	21.31	0.00	0.01		0.0	0.0
18.01.01-12.46.03	0.0	20.66	21.48	3.48	12.09	295.6	0.11	0.01	21.31	0.00	0.01		0.0	0.0
18.01.01-12.46.05	0.0	20.91	21.49	4.94	12.09	295.6	0.11	0.01	21.31	0.00	0.01		0.0	0.0
18.01.01-12.46.07	0.0	21.04	21.48	5.42	12.09	295.6	0.11	0.01	21.31	0.00	0.01		0.0	0.0
18.01.01-12.46.09	0.0	21.04	21.48	5.42	12.09	295.6	0.11	0.01	21.31	0.00	0.01		0.0	0.0
18.01.01-12.46.11	0.0	21.10	21.48	5.46	12.09	295.6	0.11	0.01	21.31	0.00	0.01		0.0	0.0
18.01.01-12.46.13	0.0	21.15	21.48	5.48	12.09	295.6	0.11	0.01	21.31	0.00	0.01		0.0	0.0
18.01.01-12.46.15	0.0	21.17	21.48	5.49	12.09	295.6	0.11	0.01	21.31	0.00	0.01		0.0	0.0
18.01.01-12.46.17	0.0	21.19	21.48	5.50	12.09	295.6	0.11	0.01	21.31	0.00	0.01		0.0	0.0
18.01.01-12.46.19	0.0	21.21	21.48	5.50	12.09	295.6	0.11	0.01	21.31	0.00	0.01		0.0	0.0
18.01.01-12.46.21	0.0	21.21	21.48	5.51	12.09	295.6	0.11	0.01	21.31	0.00	0.01		0.0	0.0
18.01.01-12.46.23	0.0	21.23	21.48	5.51	12.09	295.6	0.11	0.01	21.31	0.00	0.01		0.0	0.0
18.01.01-12.46.25	0.0	21.22	21.48	5.51	12.09	295.6	0.11	0.01	21.31	0.00	0.01		0.0	0.0
18.01.01-12.46.27	0.0	21.23	21.48	5.51	12.09	295.6	0.11	0.01	21.31	0.00	0.01		0.0	0.0
18.01.01-12.46.29	0.0	21.23	21.48	5.52	12.09	295.6	0.11	0.01	21.31	0.00	0.01		0.0	0.0
18.01.01-12.46.31	0.0	21.23	21.48	5.52	12.09	295.6	0.11	0.01	21.31	0.00	0.01		0.0	0.0
18.01.01-12.46.33	0.0	21.24	21.48	5.52	12.09	295.6	0.11	0.01	21.31	0.00	0.01		0.0	0.0
18.01.01-12.46.35	0.0	21.23	21.48	5.52	12.09	295.6	0.11	0.01	21.31	0.00	0.01		0.0	0.0
18.01.01-12.46.37	0.0	21.24	21.48	5.53	12.09	295.6	0.11	0.01	21.31	0.00	0.01		0.0	0.0
18.01.01-12.46.39	0.0	21.23	21.48	5.53	12.09	295.6	0.11	0.01	21.31	0.00	0.01		0.0	0.0
18.01.01-12.46.41	0.0	21.24	21.48	5.52	12.09	295.6	0.11	0.01	21.31	0.00	0.01		0.0	0.0
18.01.01-12.46.43	0.0	21.23	21.48	5.53	12.09	295.6	0.11	0.01	21.31	0.00	0.01		0.0	0.0
18.01.01-12.46.45	0.0	21.23	21.48	5.52	12.09	295.6	0.11	0.01	21.31	0.00	0.01		0.0	0.0
18.01.01-12.46.47	0.0	21.25	21.48	5.53	12.09	295.6	0.11	0.01	21.31	0.00	0.01		0.0	0.0
18.01.01-12.46.49	0.0	21.24	21.48	5.54	12.09	295.6	0.11	0.01	21.31	0.00	0.01		0.0	0.0
18.01.01-12.46.51	0.0	21.24	21.48	5.53	12.09	295.6	0.11	0.01	21.31	0.00	0.01		0.0	0.0
18.01.01-12.46.53	0.0	21.25	21.48	5.53	12.09	295.6	0.11	0.01	21.31	0.00	0.01		0.0	0.0
18.01.01-12.46.55	0.0	21.25	21.48	5.53	12.09	295.6	0.11	0.01	21.31	0.00	0.01		0.0	0.0
18.01.01-12.46.57	0.0	21.25	21.48	5.53	12.09	295.6	0.11	0.01	21.31	0.00	0.01		0.0	0.0
18.01.01-12.46.59	0.0	21.24	21.48	5.53	12.09	295.6	0.11	0.01	21.31	0.00	0.01		0.0	0.0
18.01.01-12.47.01	0.0	21.24	21.48	5.53	12.09	295.6	0.11	0.01	21.31	0.00	0.01		0.0	0.0
18.01.01-12.47.03	0.0	21.25	21.47	5.53	12.09	295.6	0.11	0.01	21.31	0.00	0.01		0.0	0.0
18.01.01-12.47.05	0.0	21.24	21.48	5.53	12.09	295.6	0.11	0.01	21.31	0.00	0.01		0.0	0.0
18.01.01-12.47.07	0.0	21.24	21.48	5.53	12.09	295.6	0.11	0.01	21.31	0.00	0.01		0.0	0.0
18.01.01-12.47.09	0.0	21.24	21.47	5.53	12.09	295.6	0.11	0.01	21.31	0.00	0.01		0.0	0.0
18.01.01-12.47.11	0.0	21.25	21.47	5.55	12.09	295.6	0.11	0.01	21.31	0.00	0.01		0.0	0.0
18.01.01-12.47.13	0.0	21.24	21.48	5.54	12.09	295.6	0.11	0.01	21.31	0.00	0.01		0.0	0.0
18.01.01-12.47.15	0.0	21.25	21.48	5.53	12.09	295.6	0.11	0.01	21.31	0.00	0.01		0.0	0.0
18.01.01-12.47.17	0.0	21.25	21.48	5.53	12.09	295.6	0.11	0.01	21.31	0.00	0.01		0.0	0.0
18.01.01-12.47.19	0.0	21.24	21.47	5.53	12.09	295.6	0.11	0.01	21.31	0.00	0.01		0.0	0.0
18.01.01-12.47.21	0.0	21.24	21.47	5.54	12.09	295.6	0.11	0.01	21.31	0.00	0.01		0.0	0.0
18.01.01-12.47.23	0.0	21.24	21.48	5.53	12.09	295.6	0.11	0.01	21.31	0.00	0.01		0.0	0.0
18.01.01-12.47.25	0.0	21.24	21.48	5.54	12.09	295.6	0.11	0.01	21.31	0.00	0.01		0.0	0.0
18.01.01-12.47.27	0.0	21.23	21.47	5.54	12.09	295.6	0.11	0.01	21.31	0.00	0.01		0.0	0.0
18.01.01-12.47.29	0.0	21.23	21.47	5.54	12.09	295.6	0.11	0.01	21.31	0.00	0.01		0.0	0.0
18.01.01-12.47.31	0.0	21.24	21.47	5.51	12.09	295.6	0.11	0.01	21.31	0.00	0.01		0.0	0.0
18.01.01-12.47.33	0.0	21.23	21.47	5.46	12.09	295.6	0.11	0.01	21.31	0.00	0.01		0.0	0.0
18.01.01-12.47.35	0.0	21.23	21.47	5.39	12.09	295.6	0.11	0.01	21.31	0.00	0.01		0.0	0.0
18.01.01-12.47.37	0.0	21.22	21.47	5.35	12.09	295.6	0.11	0.01	21.31	0.00	0.01		0.0	0.0
18.01.01-12.47.39	0.0	21.22	21.47	5.30	12.09	295.6	0.11	0.01	21.31	0.00	0.01		0.0	0.0
18.01.01-12.47.41	0.0	21.22	21.47	5.30	12.09	295.6	0.11	0.01	21.31	0.00	0.01		0.0	0.0
18.01.01-12.47.43	0.0	21.23	21.47	5.23	12.09	295.6	0.11	0.01	21.31	0.00	0.01		0.0	0.0
18.01.01-12.47.45	0.0	21.22	21.47	5.18	12.09	295.6	0.11	0.01	21.31	0.00	0.01		0.0	0.0
18.01.01-12.47.47	0.0	21.22	21.47	5.08	12.09	295.6	0.11	0.01	21.31	0.00	0.01		0.0	0.0
18.01.01-12.47.49	0.0	21.24	21.47	5.02	12.09	295.6	0.11	0.01	21.31	0.00	0.01		0.0	0.0
18.01.01-12.47.51	0.0	21.23	21.47	4.90	12.09	295.6	0.11	0.01	21.31	0.00	0.01		0.0	0.0
18.01.01-12.47.53	0.0	21.24	21.47	4.82	12.09	295.6	0.11	0.01	21.31	0.00	0.01		0.0	0.0
18.01.01-12.47.55	0.0	21.23	21.47	4.71	12.09	295.6	0.11	0.01	21.31	0.00	0.01		0.0	0.0
18.01.01-12.47.57	0.0	21.24	21.47	4.63	12.09	295.6	0.11	0.01	21.31	0.00	0.01		0.0	0.0
18.01.01-12.47.59	0.0	21.24	21.47	4.52	12.09	295.6	0.11	0.01	21.31	0.00	0.01		0.0	0.0
18.01.01-12.48.01	0.0	21.26	21.47	4.45	12.09	295.6	0.11	0.01	21.31	0.00	0.01		0.0	0.0
18.01.01-12.48.03	0.0	21.26	21.47	4.45	12.09	295.6	0.11	0.01	21.31	0.00	0.01		0.0	0.0
18.01.01-12.48.05	0.0	21.26	21.47	4.34	12.09	295.6	0.11	0.01	21.31	0.00	0.01		0.0	0.0
18.01.01-12.48.07	0.0	21.26	21.47	4.25	12.09	295.6	0.11	0.01	21.31	0.00	0.01		0.0	0.0
18.01.01-12.48.09	0.0	21.26	21.46	4.15	12.09	295.6	0.11	0.01	21.31	0.00	0.01		0.0	0.0
18.01.01-12.48.11	0.0	21.26	21.46	4.07	12.09	295.6	0.11	0.01	21.31	0.00	0.01		0.0	0.0
18.01.01-12.48.13	0.0	21.26	21.47	3.97	12.09	295.6	0.11	0.01	21.31	0.00	0.01		0.0	0.0
18.01.01-12.48.15	0.0	21.26	21.47	3.88	12.09	295.6	0.11	0.01	21.31	0.00	0.01		0.0	0.0
18.01.01-12.48.17	0.0	21.26	21.47	3.79	12.09	295.6	0.11	0.01	21.31	0.00	0.01		0.0	0.0
18.01.01-12.48.19	0.0	21.27	21.50	3.70	12.09	295.6	0.11	0.01	21.31	0.00	0.01		0.0	0.0
18.01.01-12.48.21	0.0	21.27	21.50	3.62	12.09	295.6	0.11	0.01	21.31	0.00	0.01		0.0	0.0
18.01.01-12.48.23	0.0	21.27	21.47	3.52	12.09	295.6	0.11	0.01	21.31	0.00	0.01		0.0	0.0
18.01.01-12.48.25	0.0	21.27	21.47	3.52	12.09	295.6	0.11	0.01	21.31	0.00	0.01		0.0	0.0
18.01.01-12.48.27	0.0	21.27	21.47	3.44	12.09	295.6	0.11	0.01	21.31	0.00	0.01		0.0	0.0
18.01.01-12.48.29	0.0	21.26	21.47	3.33	12.09	295.6	0.11	0.01	21.31	0.00	0.01		0.0	0.0
18.01.01-12.48.31	0.0	21.26	21.47	3.26	12.09	295.6	0.11	0.01	21.31	0.00	0.01		0.0	0.0
18.01.01-12.48.33	0.0	21.26	21.47	3.14	12.09	295.6	0.11	0.01	21.31	0.00	0.01		0.0	0.0
18.01.01-12.48.35	0.0	21.26	21.46	3.07	12.09	295.6	0.11	0.01	21.31	0.00	0.01		0.0	0.0
18.01.01-12.48.37	0.0	21.27	21.46	2.94	12.09	295.6	0.11	0.01	21.31	0.00	0.01		0.0	0.0
18.01.01-12.48.39	0.0	21.26	21.46	2.87	12.09	295.6	0.11	0.01	21.31	0.00	0.01		0.0	0.0
18.01.01-12.48.41	0.0	21.25	21.46	2.73	12.09	295.6	0.11	0.01	21.31	0.00	0.01		0.0	0.0
18.01.01-12.48.43	0.0	21.25	21.46	2.67	12.09	295.6	0.11	0.01	21.31	0.00	0.01		0.0	0.0
18.01.01-12.48.45	0.0	21.26	21.46	2.54	12.09	295.6	0.11	0.01	21.31	0.00	0.01		0.0	0.0
18.01.01-12.48.47	0.0	21.24	21.46	2.46	12.09	295.6	0.11	0.01	21.31	0.00	0.01		0.0	0.0
18.01.01-12.48.49	0.0	21.24	21.46	2.46	12.09	295.6	0.11	0.01	21.31	0.00	0.01		0.0	0.0
18.01.01-12.48.51	0.0	21.24	21.46	2.34	12.09	295.6	0.11	0.01	21.31	0.00	0.01		0.0	0.0
18.01.01-12.48.53	0.0	21.24	21.46	2.29	12.09	295.6	0.11	0.01	21.31	0.00	0.01		0.0	0.0
18.01.01-12.48.55	0.0	21.25	21.46	2.10	12.09	295.6	0.11	0.01	21.31	0.00	0.01		0.0	0.0
18.01.01-12.48.57	0.0	21.26	21.46	2.04	12.09	295.6	0.11	0.01	21.31	0.00	0.01		0.0	0.0
18.01.01-12.48.59	0.0	21.25	21.46	1.89	12.09	295.6	0.11	0.01	21.31	0.00	0.01		0.0	0.0
18.01.01-12.49.01	0.0	21.25	21.46	1.85	12.09	295.6	0.11	0.01	21.31	0.00	0.01		0.0	0.0
18.01.01-12.49.03	0.0	21.25	21.46	1.77	12.09	295.6	0.11	0.01	21.31	0.00	0.01		0.0	0.0
18.01.01-12.49.05	0.0	21.26	21.46	1.73	12.09	295.6	0.11	0.01	21.31	0.00	0.01		0.0	0.0
18.01.01-12.49.07	0.0	21.26	21.46	1.66	12.09	295.6	0.11	0.01	21.31	0.00	0.01		0.0	0.0
18.01.01-12.49.09	0.0	21.26	21.46	1.60	12.09	295.6	0.11	0.01	21.31	0.00	0.01		0.0	0.0
18.01.01-12.49.11	0.0	21.26	21.46	1.60	12.09	295.6	0.11	0.01	21.31	0.00	0.01		0.0	0.0
18.01.01-12.49.13	0.0	21.26	21.46	1.54	12.09	295.6	0.11	0.01	21.31	0.00	0.01		0.0	0.0
18.01.01-12.49.15	0.0	21.26	21.46	1.41	12.09	295.6	0.11	0.01	21.31	0.00	0.01		0.0	0.0
18.01.01-12.49.17	0.0	21.25	21.46	1.33	12.09	295.6	0.11	0.01	21.31	0.00	0.01		0.0	0.0
18.01.01-12.49.19	0.0	21.24	21.46	1.19	12.09	295.6	0.11	0.01	21.31	0.00	0.01		0.0	0.0
18.01.01-12.49.21	0.0	21.22	21.46	1.12	12.09	295.6	0.11	0.01	21.31	0.00	0.01		0.0	0.0
18.01.01-12.49.23	0.0	21.21	21.46	1.06	12.09	295.6	0.11	0.01	21.31	0.00	0.01		0.0	0.0
18.01.01-12.49.25	0.0	21.19	21.46	1.02	12.09	295.6	0.11	0.01	21.31	0.00	0.01		0.0	0.0
18.01.01-12.49.27	0.0	21.17	21.46	0.88	12.09	295.6	0.11	0.01	21.31	0.00	0.01		0.0	0.0
18.01.01-12.49.29	0.0	21.17	21.46	0.82	12.09	295.6	0.11	0.01	21.31	0.00	0.01		0.0	0.0
18.01.01-12.49.31	0.0	21.15	21.46	0.70	12.09	295.6	0.11	0.01	21.31	0.00	0.01		0.0	0.0
18.01.01-12.49.33	0.0	21.15	21.46	0.70	12.09	295.6	0.11	0.01	21.31	0.00	0.01		0.0	0.0
18.01.01-12.49.35	0.0	21.13	21.46	0.59	12.09	295.6	0.11	0.01	21.31	0.00	0.01		0.0	0.0
18.01.01-12.49.37	0.0	21.13	21.46	0.49	12.09	295.6	0.11	0.01	21.31	0.00	0.01		0.0	0.0
18.01.01-12.49.39	0.0	21.13	21.46	0.44	12.09	295.6	0.11	0.01	21.31	0.00	0.01		0.0	0.0
18.01.01-12.49.41	0.0	21.11	21.46	0.31	12.09	295.6	0.11	0.01	21.31	0.00	0.01		0.0	0.0
18.01.01-12.49.43	0.0	21.06	21.46	0.26	12.09	295.6	0.11	0.01	21.31	0.00	0.01		0.0	0.0
18.01.01-12.49.45	0.0	21.04	21.46	0.16	12.09	295.6	0.11	0.01	21.31	0.00	0.01		0.0	0.0
18.01.01-12.49.47	0.0	21.01	21.46	0.11	12.09	295.6	0.11	0.01	21.31	0.00	0.01		0.0	0.0
18.01.01-12.49.49	0.0	20.97	21.46	0.00	12.09	295.6	0.11	0.01	21.31	0.00	0.01		0.0	0.0
18.01.01-12.49.51	0.0	20.95	21.46	655.31	12.09	295.6	0.11	0.01	21.31	0.00	0.01		0.0	0.0
18.01.01-12.49.53	0.0	20.88	21.46	655.28	12.09	295.6	0.11	0.01	21.31	0.00	0.01		0.0	0.0
18.01.01-12.49.55	0.0	20.88	21.46	655.28	12.09	295.6	0.11	0.01	21.31	0.00	0.01		0.0	0.0
18.01.01-12.49.57	0.0	20.86	21.46	655.27	12.09	295.6	0.11	0.01	21.31	0.00	0.01		0.0	0.0
18.01.01-12.49.59	0.0	20.83	21.46	655.27	12.09	295.6	0.11	0.01	21.31	0.00	0.01		0.0	0.0
18.01.01-12.50.01	0.0	20.80	21.46	655.27	12.09	295.6	0.11	0.01	21.31	0.00	0.01		0.0	0.0
18.01.01-12.50.03	0.0	20.74	21.45	655.27	12.09	295.6	0.11	0.01	21.31	0.00	0.01		0.0	0.0
18.01.01-12.50.05	0.0	20.69	21.45	655.27	12.09	295.6	0.11	0.01	21.31	0.00	0.01		0.0	0.0
18.01.01-12.50.07	0.0	20.68	21.45	655.27	12.09	295.6	0.11	0.01	21.31	0.00	0.01		0.0	0.0
18.01.01-12.50.09	0.0	20.68	21.45	655.27	12.09	295.6	0.11	0.01	21.31	0.00	0.01		0.0	0.0
18.01.01-12.50.11	0.0	20.63	21.45	655.27	12.09	295.6	0.11	0.01	21.31	0.00	0.01		0.0	0.0
18.01.01-12.50.13	0.0	20.60	21.45	655.27	12.09	295.6	0.11	0.01	21.31	0.00	0.01		0.0	0.0
18.01.01-12.50.15	0.0	20.57	21.46	655.27	12.09	295.6	0.11	0.01	21.31	0.00	0.01		0.0	0.0
18.01.01-12.50.17	0.0	20.54	21.45	655.27	12.09	295.6	0.11	0.01	21.31	0.00	0.01		0.0	0.0
18.01.01-12.50.19	0.0	20.54	21.45	655.27	12.09	295.6	0.11	0.01	21.31	0.00	0.01		0.0	0.0
18.01.01-12.50.21	0.0	20.52	21.45	655.27	12.09	295.6	0.11	0.01	21.31	0.00	0.01		0.0	0.0
18.01.01-12.50.23	0.0	20.50	21.45	655.27	12.09	295.6	0.11	0.01	21.31	0.00	0.01		0.0	0.0
18.01.01-12.50.25	0.0	20.48	21.46	655.27	12.09	295.6	0.11	0.01	21.31	0.00	0.01		0.0	0.0
18.01.01-12.50.27	0.0	20.45	21.45	655.27	12.09	295.6	0.11	0.01	21.31	0.00	0.01		0.0	0.0
18.01.01-12.50.29	0.0	20.45	21.45	655.27	12.09	295.6	0.11	0.01	21.31	0.00	0.01		0.0	0.0
18.01.01-12.50.31	0.0	20.45	21.46	655.27	12.09	295.6	0.11	0.01	21.31	0.00	0.01		0.0	0.0
18.01.01-12.50.33	0.0	20.42	21.46	655.27	12.09	295.6	0.11	0.01	21.31	0.00	0.01		0.0	0.0
18.01.01-12.50.35	0.0	20.40	21.45	655.27	12.09	295.6	0.11	0.01	21.31	0.00	0.01		0.0	0.0
18.01.01-12.50.37	0.0	20.39	21.45	655.27	12.09	295.6	0.11	0.01	21.31	0.00	0.01		0.0	0.0
18.01.01-12.50.39	0.0	20.37	21.45	655.27	12.09	295.6	0.11	0.01	21.31	0.00	0.01		0.0	0.0
18.01.01-12.50.41	0.0	20.37	21.45	655.27	12.09	295.6	0.11	0.01	21.31	0.00	0.01		0.0	0.0
18.01.01-12.50.43	0.0	20.35	21.45	655.27	12.09	295.6	0.11	0.01	21.31	0.00	0.01		0.0	0.0
18.01.01-12.50.45	0.0	20.30	21.46	655.27	12.09	295.6	0.11	0.01	21.31	0.00	0.01		0.0	0.0
18.01.01-12.50.47	0.0	20.28	21.45	655.27	12.09	295.6	0.11	0.01	21.31	0.00	0.01		0.0	0.0
18.01.01-12.50.49	0.0	20.25	21.45	655.27	12.09	295.6	0.11	0.01	21.31	0.00	0.01		0.0	0.0
18.01.01-12.50.51	0.0	20.23	21.45	655.27	12.09	295.6	0.11	0.01	21.31	0.00	0.01		0.0	0.0
18.01.01-12.50.53	0.0	20.21	21.45	655.27	12.09	295.6	0.11	0.01	21.31	0.00	0.01		0.0	0.0
18.01.01-12.50.55	0.0	20.20	21.45	655.27	12.09	295.6	0.11	0.01	21.31	0.00	0.01		0.0	0.0
18.01.01-12.50.57	0.0	20.19	21.45	655.27	12.09	295.6	0.11	0.01	21.31	0.00	0.01		0.0	0.0
18.01.01-12.50.59	0.0	20.16	21.45	655.27	12.09	295.6	0.11	0.01	21.31	0.00	0.01		0.0	0.0
18.01.01-12.51.01	0.0	20.16	21.45	655.27	12.09	295.6	0.11	0.01	21.31	0.00	0.01		0.0	0.0
18.01.01-12.51.03	0.0	20.15	21.45	655.27	12.09	295.6	0.11	0.01	21.31	0.00	0.01		0.0	0.0
18.01.01-12.51.05	0.0	20.15	21.45	655.27	12.09	295.6	0.11	0.01	21.31	0.00	0.01		0.0	0.0
18.01.01-12.51.07	0.0	20.13	21.45	655.27	12.09	295.6	0.11	0.01	21.31	0.00	0.01		0.0	0.0
18.01.01-12.51.09	0.0	20.12	21.45	655.27	12.09	295.6	0.11	0.01	21.31	0.00	0.01		0.0	0.0
18.01.01-12.51.11	0.0	20.09	21.45	655.27	12.09	295.6	0.11	0.01	21.31	0.00	0.01		0.0	0.0
18.01.01-12.51.13	0.0	20.08	21.45	655.27	12.09	295.6	0.11	0.01	21.31	0.00	0.01		0.0	0.0
18.01.01-12.51.15	0.0	20.07	21.45	655.27	12.09	295.6	0.11	0.01	21.31	0.00	0.01		0.0	0.0
18.01.01-12.51.17	0.0	20.04	21.45	655.27	12.09	295.6	0.11	0.01	21.31	0.00	0.01		0.0	0.0
18.01.01-12.51.19	0.0	20.02	21.45	655.27	12.09	295.6	0.11	0.01	21.31	0.00	0.01		0.0	0.0
18.01.01-12.51.21	0.0	20.03	21.45	655.27	12.09	295.6	0.11	0.01	21.31	0.00	0.01		0.0	0.0
18.01.01-12.51.23	0.0	20.02	21.45	655.27	12.09	295.6	0.11	0.01	21.31	0.00	0.01		0.0	0.0
18.01.01-12.51.25	0.0	20.02	21.45	655.27	12.09	295.6	0.11	0.01	21.31	0.00	0.01		0.0	0.0
18.01.01-12.51.27	0.0	20.02	21.45	655.27	12.09	295.6	0.11	0.01	21.31	0.00	0.01		0.0	0.0
18.01.01-12.51.29	0.0	20.00	21.45	655.28	12.09	295.6	0.11	0.01	21.31	0.00	0.01		0.0	0.0
18.01.01-12.51.31	0.0	19.99	21.45	655.28	12.09	295.6	0.11	0.01	21.31	0.00	0.01		0.0	0.0
18.01.01-12.51.33	0.0	19.98	21.45	655.28	12.09	295.6	0.11	0.01	21.31	0.00	0.01		0.0	0.0
18.01.01-12.51.35	0.0	19.98	21.45	655.28	12.09	295.6	0.11	0.01	21.31	0.00	0.01		0.0	0.0
18.01.01-12.51.37	0.0	19.98	21.45	655.28	12.09	295.6	0.11	0.01	21.31	0.00	0.01		0.0	0.0
18.01.01-12.51.39	0.0	19.95	21.45	655.28	12.09	295.6	0.11	0.01	21.31	0.00	0.01		0.0	0.0
18.01.01-12.51.41	0.0	19.94	21.45	655.28	12.09	295.6	0.11	0.01	21.31	0.00	0.01		0.0	0.0
18.01.01-12.51.43	0.0	19.94	21.45	655.28	12.09	295.6	0.11	0.01	21.31	0.00	0.01		0.0	0.0
18.01.01-12.51.45	0.0	19.91	21.45	655.28	12.09	295.6	0.11	0.01	21.31	0.00	0.01		0.0	0.0
18.01.01-12.51.47	0.0	19.92	21.45	655.28	12.09	295.6	0.11	0.01	21.31	0.00	0.01		0.0	0.0
18.01.01-12.51.49	0.0	19.92	21.45	655.28	12.09	295.6	0.11	0.01	21.31	0.00	0.01		0.0	0.0
18.01.01-12.51.51	0.0	19.90	21.44	655.28	12.09	295.6	0.11	0.01	21.31	0.00	0.01		0.0	0.0
18.01.01-12.51.53	0.0	19.88	21.45	655.28	12.09	295.6	0.11	0.01	21.31	0.00	0.01		0.0	0.0
18.01.01-12.51.55	0.0	19.87	21.45	655.28	12.09	295.6	0.11	0.01	21.31	0.00	0.01		0.0	0.0
18.01.01-12.51.57	0.0	19.85	21.45	655.28	12.09	295.6	0.11	0.01	21.31	0.00	0.01		0.0	0.0
18.01.01-12.51.59	0.0	19.85	21.45	655.28	12.09	295.6	0.11	0.01	21.31	0.00	0.01		0.0	0.0
18.01.01-12.52.01	0.0	19.83	21.45	655.28	12.09	295.6	0.11	0.01	21.31	0.00	0.01		0.0	0.0
18.01.01-12.52.03	0.0	19.82	21.45	655.28	12.09	295.6	0.11	0.01	21.31	0.00	0.01		0.0	0.0
18.01.01-12.52.05	0.0	19.82	21.45	655.28	12.09	295.6	0.11	0.01	21.31	0.00	0.01		0.0	0.0
18.01.01-12.52.07	0.0	19.79	21.45	655.28	12.09	295.6	0.11	0.01	21.31	0.00	0.01		0.0	0.0
18.01.01-12.52.09	0.0	19.79	21.45	655.28	12.09	295.6	0.11	0.01	21.31	0.00	0.01		0.0	0.0
18.01.01-12.52.11	0.0	19.79	21.45	655.28	12.09	295.6	0.11	0.01	21.31	0.00	0.01		0.0	0.0
18.01.01-12.52.13	0.0	19.78	21.45	655.28	12.09	295.6	0.11	0.01	21.31	0.00	0.01		0.0	0.0
18.01.01-12.52.15	0.0	19.78	21.45	655.28	12.09	295.6	0.11	0.01	21.31	0.00	0.01		0.0	0.0
18.01.01-12.52.17	0.0	19.75	21.45	655.28	12.09	295.6	0.11	0.01	21.31	0.00	0.01		0.0	0.0
18.01.01-12.52.19	0.0	19.77	21.45	655.28	12.09	295.6	0.11	0.01	21.31	0.00	0.01		0.0	0.0
18.01.01-12.52.21	0.0	19.74	21.45	655.28	12.09	295.6	0.11	0.01	21.31	0.00	0.01		0.0	0.0
18.01.01-12.52.23	0.0	19.74	21.45	655.28	12.09	295.6	0.11	0.01	21.31	0.00	0.01		0.0	0.0
18.01.01-12.52.25	0.0	19.72	21.44	655.29	12.09	295.6	0.11	0.01	21.31	0.00	0.01		0.0	0.0
18.01.01-12.52.27	0.0	19.71	21.44	655.29	12.09	295.6	0.11	0.01	21.31	0.00	0.01		0.0	0.0
18.01.01-12.52.29	0.0	19.72	21.45	655.29	12.09	295.6	0.11	0.01	21.31	0.00	0.01		0.0	0.0
18.01.01-12.52.31	0.0	19.72	21.45	655.29	12.09	295.6	0.11	0.01	21.31	0.00	0.01		0.0	0.0
18.01.01-12.52.33	0.0	19.72	21.44	655.29	12.09	295.6	0.11	0.01	21.31	0.00	0.01		0.0	0.0
18.01.01-12.52.35	0.0	19.72	21.44	655.29	12.09	295.6	0.11	0.01	21.31	0.00	0.01		0.0	0.0
18.01.01-12.52.37	0.0	19.71	21.44	655.29	12.09	295.6	0.11	0.01	21.31	0.00	0.01		0.0	0.0
18.01.01-12.52.39	0.0	19.72	21.44	655.29	12.09	295.6	0.11	0.01	21.31	0.00	0.01		0.0	0.0
18.01.01-12.52.41	0.0	19.73	21.44	655.29	12.09	295.6	0.11	0.01	21.31	0.00	0.01		0.0	0.0
18.01.01-12.52.43	0.0	19.72	21.44	655.29	12.09	295.6	0.11	0.01	21.31	0.00	0.01		0.0	0.0
18.01.01-12.52.45	0.0	19.71	21.44	655.29	12.09	295.6	0.11	0.01	21.31	0.00	0.01		0.0	0.0
18.01.01-12.52.47	0.0	19.71	21.44	655.29	12.09	295.6	0.11	0.01	21.31	0.00	0.01		0.0	0.0
18.01.01-12.52.49	0.0	19.73	21.44	655.29	12.09	295.6	0.11	0.01	21.31	0.00	0.01		0.0	0.0
18.01.01-12.52.51	0.0	19.72	21.45	655.29	12.09	295.6	0.11	0.01	21.31	0.00	0.01		0.0	0.0
18.01.01-12.52.53	0.0	19.71	21.44	655.29	12.09	295.6	0.11	0.01	21.31	0.00	0.01		0.0	0.0
18.01.01-12.52.55	0.0	19.70	21.44	655.29	12.09	295.6	0.11	0.01	21.31	0.00	0.01		0.0	0.0
18.01.01-12.52.57	0.0	19.70	21.44	655.29	12.09	295.6	0.11	0.01	21.31	0.00	0.01		0.0	0.0
18.01.01-12.52.59	0.0	19.69	21.44	655.29	12.09	295.6	0.11	0.01	21.31	0.00	0.01		0.0	0.0
18.01.01-12.53.01	0.0	19.69	21.44	655.29	12.09	295.6	0.11	0.01	21.31	0.00	0.01		0.0	0.0
18.01.01-12.53.03	0.0	19.69	21.44	655.29	12.09	295.6	0.11	0.01	21.31	0.00	0.01		0.0	0.0
18.01.01-12.53.05	0.0	19.69	21.44	655.29	12.09	295.6	0.11	0.01	21.31	0.00	0.01		0.0	0.0
18.01.01-12.53.07	0.0	19.68	21.44	655.29	12.09	295.6	0.11	0.01	21.31	0.00	0.01		0.0	0.0
18.01.01-12.53.09	0.0	19.68	21.44	655.29	12.09	295.6	0.11	0.01	21.31	0.00	0.01		0.0	0.0
18.01.01-12.53.11	0.0	19.68	21.44	655.29	12.09	295.6	0.11	0.01	21.31	0.00	0.01		0.0	0.0
18.01.01-12.53.13	0.0	19.66	21.44	655.29	12.09	295.6	0.11	0.01	21.31	0.00	0.01		0.0	0.0
18.01.01-12.53.15	0.0	19.66	21.44	655.29	12.09	295.6	0.11	0.01	21.31	0.00	0.01		0.0	0.0
18.01.01-12.53.17	0.0	19.65	21.44	655.29	12.09	295.6	0.11	0.01	21.31	0.00	0.01		0.0	0.0
18.01.01-12.53.19	0.0	19.65	21.44	655.29	12.09	295.6	0.11	0.01	21.31	0.00	0.01		0.0	0.0
18.01.01-12.53.21	0.0	19.65	21.44	655.29	12.09	295.6	0.11	0.01	21.31	0.00	0.01		0.0	0.0
18.01.01-12.53.23	0.0	19.64	21.44	655.29	12.09	295.6	0.11	0.01	21.31	0.00	0.01		0.0	0.0
18.01.01-12.53.25	0.0	19.65	21.44	655.29	12.09	295.6	0.11	0.01	21.31	0.00	0.01		0.0	0.0
18.01.01-12.53.27	0.0	19.62	21.44	655.29	12.09	295.6	0.11	0.01	21.31	0.00	0.01		0.0	0.0
18.01.01-12.53.29	0.0	19.62	21.44	655.30	12.09	295.6	0.11	0.01	21.31	0.00	0.01		0.0	0.0
18.01.01-12.53.31	0.0	19.63	21.44	655.30	12.09	295.6	0.11	0.01	21.31	0.00	0.01		0.0	0.0
18.01.01-12.53.33	0.0	19.61	21.44	655.31	12.09	295.6	0.11	0.01	21.31	0.00	0.01		0.0	0.0
18.01.01-12.53.35	0.0	19.61	21.44	655.30	12.09	295.6	0.11	0.01	21.31	0.00	0.01		0.0	0.0
18.01.01-12.53.37	0.0	19.61	21.44	655.30	12.09	295.6	0.11	0.01	21.31	0.00	0.01		0.0	0.0
18.01.01-12.53.39	0.0	19.59	21.44	655.30	12.09	295.6	0.11	0.01	21.31	0.00	0.01		0.0	0.0
18.01.01-12.53.41	0.0	19.59	21.44	655.30	12.09	295.6	0.11	0.01	21.31	0.00	0.01		0.0	0.0
18.01.01-12.53.43	0.0	19.59	21.44	655.30	12.09	295.6	0.11	0.01	21.31	0.00	0.01		0.0	0.0
18.01.01-12.53.45	0.0	19.59	21.44	655.30	12.09	295.6	0.11	0.01	21.31	0.00	0.01		0.0	0.0
18.01.01-12.53.47	0.0	19.59	21.44	655.30	12.09	295.6	0.11	0.01	21.31	0.00	0.01		0.0	0.0
18.01.01-12.53.49	0.0	19.58	21.44	655.30	12.09	295.6	0.11	0.01	21.31	0.00	0.01		0.0	0.0
18.01.01-12.53.51	0.0	19.58	21.44	655.30	12.09	295.6	0.11	0.01	21.31	0.00	0.01		0.0	0.0
18.01.01-12.53.53	0.0	19.56	21.44	655.30	12.09	295.6	0.11	0.01	21.31	0.00	0.01		0.0	0.0
18.01.01-12.53.55	0.0	19.56	21.44	655.30	12.09	295.6	0.11	0.01	21.31	0.00	0.01		0.0	0.0
18.01.01-12.53.57	0.0	19.55	21.44	655.30	12.09	295.6	0.11	0.01	21.31	0.00	0.01		0.0	0.0
18.01.01-12.53.59	0.0	19.55	21.44	655.30	12.09	295.6	0.11	0.01	21.31	0.00	0.01		0.0	0.0
18.01.01-12.54.01	0.0	19.55	21.44	655.30	12.09	295.6	0.11	0.01	21.31	0.00	0.01		0.0	0.0
18.01.01-12.54.03	0.0	19.55	21.44	655.30	12.09	295.6	0.11	0.01	21.31	0.00	0.01		0.0	0.0
18.01.01-12.54.05	0.0	19.55	21.44	655.30	12.09	295.6	0.11	0.01	21.31	0.00	0.01		0.0	0.0
18.01.01-12.54.07	0.0	19.55	21.44	655.30	12.09	295.6	0.11	0.01	21.31	0.00	0.01		0.0	0.0
18.01.01-12.54.09	0.0	19.54	21.44	655.30	12.09	295.6	0.11	0.01	21.31	0.00	0.01		0.0	0.0
18.01.01-12.54.11	0.0	19.55	21.44	655.30	12.09	295.6	0.11	0.01	21.31	0.00	0.01		0.0	0.0
18.01.01-12.54.13	0.0	19.54	21.43	655.30	12.09	295.6	0.11	0.01	21.31	0.00	0.01		0.0	0.0
18.01.01-12.54.15	0.0	19.54	21.44	655.30	12.09	295.6	0.11	0.01	21.31	0.00	0.01		0.0	0.0
18.01.01-12.54.17	0.0	19.52	21.43	655.30	12.09	295.6	0.11	0.01	21.31	0.00	0.01		0.0	0.0
18.01.01-12.54.19	0.0	19.50	21.44	655.30	12.09	295.6	0.11	0.01	21.31	0.00	0.01		0.0	0.0
18.01.01-12.54.21	0.0	19.50	21.44	655.30	12.09	295.6	0.11	0.01	21.31	0.00	0.01		0.0	0.0
18.01.01-12.54.23	0.0	19.49	21.43	655.30	12.09	295.6	0.11	0.01	21.31	0.00	0.01		0.0	0.0
18.01.01-12.54.25	0.0	19.49	21.44	655.30	12.09	295.6	0.11	0.01	21.31	0.00	0.01		0.0	0.0
18.01.01-12.54.27	0.0	19.48	21.44	655.30	12.09	295.6	0.11	0.01	21.31	0.00	0.01		0.0	0.0
18.01.01-12.54.29	0.0	19.48	21.44	655.30	12.09	295.6	0.11	0.01	21.31	0.00	0.01		0.0	0.0
18.01.01-12.54.31	0.0	19.48	21.44	655.30	12.09	295.6	0.11	0.01	21.31	0.00	0.01		0.0	0.0
18.01.01-12.54.33	0.0	19.48	21.44	655.30	12.09	295.6	0.11	0.01	21.31	0.00	0.01		0.0	0.0
18.01.01-12.54.35	0.0	19.48	21.44	655.30	12.09	295.6	0.11	0.01	21.31	0.00	0.01		0.0	0.0
18.01.01-12.54.37	0.0	19.47	21.44	655.30	12.09	295.6	0.11	0.01	21.31	0.00	0.01		0.0	0.0
18.01.01-12.54.39	0.0	19.48	21.44	655.30	12.09	295.6	0.11	0.01	21.31	0.00	0.01		0.0	0.0
18.01.01-12.54.41	0.0	19.48	21.44	655.30	12.09	295.6	0.11	0.01	21.31	0.00	0.01		0.0	0.0
18.01.01-12.54.43	0.0	19.45	21.43	655.30	12.09	295.6	0.11	0.01	21.31	0.00	0.01		0.0	0.0
18.01.01-12.54.45	0.0	19.46	21.43	655.30	12.09	295.6	0.11	0.01	21.31	0.00	0.01		0.0	0.0
18.01.01-12.54.47	0.0	19.45	21.43	655.30	12.09	295.6	0.11	0.01	21.31	0.00	0.01		0.0	0.0
18.01.01-12.54.49	0.0	19.44	21.44	655.30	12.09	295.6	0.11	0.01	21.31	0.00	0.01		0.0	0.0
18.01.01-12.54.51	0.0	19.44	21.44	655.30	12.09	295.6	0.11	0.01	21.31	0.00	0.01		0.0	0.0
18.01.01-12.54.53	0.0	19.43	21.43	655.30	12.09	295.6	0.11	0.01	21.31	0.00	0.01		0.0	0.0
18.01.01-12.54.55	0.0	19.43	21.43	655.31	12.09	295.6	0.11	0.01	21.31	0.00	0.01		0.0	0.0
18.01.01-12.54.57	0.0	19.41	21.43	655.30	12.09	295.6	0.11	0.01	21.31	0.00	0.01		0.0	0.0
18.01.01-12.54.59	0.0	19.41	21.44	655.30	12.09	295.6	0.11	0.01	21.31	0.00	0.01		0.0	0.0
